101 101
0 0 0 0 0 1 1 1 1 1 1 1 1 1 1 1 1 2 2 2 2 2 2 1 1 1 1 1 1 1 1 2 2 2 2 2 2 2 2 2 2 2 3 3 3 3 3 3 3 4 4 4 4 4 4 4 4 4 4 4 4 4 4 4 4 4 4 3 3 3 3 3 3 4 4 4 4 4 4 4 4 4 4 3 3 2 2 1 1 1 1 1 1 1 0 0 0 0 0 0 0 0 
0 1 1 1 1 1 1 1 1 1 1 1 1 1 1 1 2 1 1 1 1 1 2 2 2 2 2 1 1 1 1 1 1 1 1 1 1 1 1 1 1 1 1 1 1 1 1 1 0 0 0 0 0 0 0 0 0 1 1 1 1 1 1 1 1 1 1 1 1 1 1 1 1 1 0 0 0 0 0 0 0 0 0 0 0 0 0 0 0 0 0 0 0 0 0 0 0 0 0 0 0 0 
0 0 0 0 0 0 0 0 0 0 0 0 0 0 0 1 1 3 4 4 4 4 4 4 4 5 5 5 5 5 5 4 4 4 4 4 4 3 2 2 2 3 3 3 3 4 5 5 5 5 5 5 5 5 5 5 6 5 4 5 5 5 5 6 7 7 7 7 5 4 4 4 4 4 5 5 4 4 4 4 4 3 3 3 2 2 3 3 3 3 3 3 3 1 0 0 0 0 0 0 0 0 
0 0 0 0 0 0 1 1 1 1 1 1 1 1 2 2 2 2 3 3 3 3 3 3 3 3 3 3 3 3 3 3 4 4 4 4 4 3 3 3 3 3 3 3 3 3 2 2 2 2 2 3 3 3 3 3 3 3 3 3 3 3 3 3 3 3 3 3 3 3 3 2 2 2 2 2 2 2 2 2 2 2 2 2 2 1 0 0 0 0 0 0 0 0 0 0 0 0 0 0 0 0 
0 0 0 0 0 0 1 1 1 1 1 1 1 1 1 1 1 1 1 2 2 2 2 2 2 3 3 4 4 5 5 4 4 4 4 6 7 7 7 7 7 7 7 7 7 7 9 9 9 9 9 9 9 9 9 10 10 10 10 9 10 10 10 10 10 10 10 8 8 8 8 8 8 8 9 8 8 8 8 8 7 7 7 7 6 6 6 5 5 5 5 5 5 4 3 3 3 3 3 2 0 0 
0 2 2 2 2 2 2 2 2 2 2 4 2 3 4 4 4 4 4 4 4 4 4 5 5 5 5 5 5 5 5 6 6 6 5 5 5 5 5 5 5 5 5 5 5 5 5 5 5 5 5 5 5 5 5 5 5 4 4 4 4 4 3 2 1 1 1 1 1 1 1 1 1 1 1 1 1 0 0 0 0 0 0 0 0 0 0 0 0 0 0 0 0 0 0 0 0 0 0 0 0 0 
0 0 0 0 0 1 1 1 1 1 1 2 2 2 2 2 3 3 3 3 3 3 3 3 3 3 3 3 3 3 3 3 3 3 3 3 3 3 3 2 2 2 2 2 1 1 1 1 1 1 1 1 1 1 1 1 1 1 1 1 1 1 1 1 1 1 1 1 1 1 1 1 1 2 2 2 2 2 2 2 2 2 2 2 2 2 2 2 2 2 2 2 1 0 0 0 0 0 0 0 0 0 
0 0 0 0 0 0 0 0 0 0 0 0 0 0 1 1 2 3 4 4 4 4 4 4 4 4 4 4 4 4 4 4 4 5 5 5 5 5 5 5 4 4 4 4 5 5 6 5 4 4 4 4 4 4 4 4 4 4 4 4 5 5 4 4 4 4 4 4 4 4 4 3 3 3 2 2 2 2 2 2 1 1 1 1 1 1 1 1 1 1 1 1 1 1 1 0 0 0 0 0 0 0 
0 1 2 2 2 2 3 4 4 4 4 4 4 4 4 4 4 4 5 5 5 5 5 5 5 5 5 5 5 5 4 4 4 4 4 4 4 4 4 4 4 4 4 4 4 4 4 4 4 4 4 5 5 5 5 5 5 5 5 5 6 7 7 7 7 7 7 7 7 7 7 9 9 8 6 6 7 7 7 7 6 6 6 5 3 3 2 2 2 2 2 2 2 1 1 0 0 0 0 0 0 0 
0 2 2 2 3 3 3 3 3 4 4 5 5 6 6 6 6 6 6 7 7 7 7 7 7 7 7 7 7 7 7 7 6 7 7 7 7 7 7 7 7 7 7 7 7 7 7 7 7 7 9 9 9 8 8 7 7 9 9 9 9 10 10 8 7 7 7 6 5 6 6 7 7 7 7 7 7 7 6 6 6 5 4 3 2 2 1 1 1 1 1 1 1 1 1 1 1 1 1 1 0 0 
0 0 0 0 0 0 0 0 0 0 0 0 0 0 1 2 2 2 3 3 3 3 4 4 4 4 4 4 4 4 4 4 4 4 4 4 4 4 4 4 4 4 4 4 5 5 4 4 4 4 5 5 5 5 5 5 6 6 6 6 6 6 6 6 7 7 7 7 7 7 7 7 7 6 6 6 6 6 6 6 6 6 6 6 6 7 5 5 5 5 4 4 4 3 3 3 2 2 2 0 0 0 
0 0 0 2 2 2 2 3 3 4 4 4 4 4 5 5 7 8 8 8 9 10 10 10 10 10 10 9 9 10 13 13 13 12 12 12 13 13 13 15 15 15 16 16 16 15 14 14 14 13 10 10 10 10 11 11 11 10 10 9 10 10 10 10 10 10 10 10 10 9 9 9 9 8 8 8 7 7 7 7 8 8 8 7 7 6 6 5 5 5 5 4 3 2 1 1 1 1 1 0 0 0 
0 0 1 1 1 1 2 2 2 2 3 3 3 3 2 2 1 1 1 2 2 2 2 2 2 3 2 2 2 2 2 2 2 2 2 2 2 2 3 3 3 3 4 4 4 5 5 5 5 4 4 3 3 3 3 3 3 3 3 3 3 2 2 2 2 2 2 1 2 2 2 2 2 2 2 2 2 2 2 2 2 2 2 2 2 2 2 2 2 2 2 1 1 0 0 0 0 0 0 0 0 0 
0 0 0 0 0 0 0 0 0 0 0 0 0 0 0 0 0 0 0 0 0 0 0 0 0 0 0 1 2 2 2 3 3 3 4 4 4 4 4 4 4 6 6 6 6 6 6 6 6 7 7 7 6 6 6 6 6 6 5 4 4 4 4 4 4 4 4 4 4 4 4 4 4 4 4 5 5 5 5 5 5 5 5 5 5 4 4 3 3 3 2 2 2 2 2 1 0 0 0 0 0 0 
0 0 1 2 3 2 2 2 2 2 2 2 3 3 3 4 4 5 5 5 6 5 6 5 5 6 6 6 6 6 7 7 7 7 7 7 8 8 8 7 7 7 7 6 6 6 6 6 6 6 6 6 5 5 6 6 6 6 6 6 5 5 6 5 5 5 5 5 4 3 3 3 3 3 3 2 2 2 2 2 2 2 2 2 2 2 2 2 2 2 2 2 1 1 1 0 0 0 0 0 0 0 
0 0 0 0 0 0 0 0 0 0 0 0 0 0 0 0 0 0 0 0 0 0 0 0 0 0 0 0 0 0 0 0 0 0 0 0 0 0 0 0 0 0 0 0 0 0 0 0 0 0 0 0 0 0 0 0 0 0 0 0 0 0 0 0 0 0 0 0 0 0 0 0 0 0 0 0 0 0 0 0 0 0 0 0 0 0 0 0 0 0 0 0 0 0 0 0 0 0 0 0 0 0 
0 0 0 0 0 0 0 0 0 0 0 0 0 1 1 1 1 3 3 3 3 3 3 3 3 3 3 3 3 2 3 3 4 4 4 4 4 4 4 4 4 4 4 4 4 4 4 4 4 4 4 4 4 4 4 5 5 5 5 5 5 5 5 5 5 5 5 5 5 4 4 4 4 3 3 3 3 2 2 2 2 2 2 2 2 2 1 1 1 1 1 1 1 1 1 1 1 0 0 0 0 0 
0 0 0 0 0 0 1 1 1 1 1 1 1 1 1 3 3 3 3 3 3 2 2 2 2 2 3 3 3 3 3 3 3 3 3 3 2 2 2 2 2 2 3 3 4 4 4 4 3 3 3 3 3 3 3 3 3 2 2 2 2 2 2 2 3 3 3 3 2 2 2 2 2 2 2 2 2 2 2 1 1 1 1 1 1 1 1 1 1 0 0 0 0 0 0 0 0 0 0 0 0 0 
0 1 2 2 2 2 2 3 4 4 5 5 5 5 7 7 7 7 6 6 6 5 6 6 5 5 5 5 5 5 5 5 5 5 5 5 5 6 8 7 8 7 7 7 8 8 8 8 9 9 9 9 8 7 7 7 7 7 7 6 6 7 7 7 6 6 6 5 5 5 5 6 6 6 6 5 5 6 5 5 4 4 3 2 2 2 2 2 1 1 1 1 1 0 0 0 0 0 0 0 0 0 
0 0 0 0 0 0 1 1 1 1 1 2 3 3 3 4 4 5 5 5 5 7 7 7 7 7 7 7 8 8 8 7 7 7 7 7 7 7 7 7 7 8 8 8 8 8 8 8 8 8 9 9 10 10 10 10 10 10 10 10 10 10 9 9 9 9 9 8 8 8 7 7 7 7 6 5 5 5 5 5 4 3 2 2 2 2 2 2 2 0 0 0 0 0 0 0 0 0 0 0 0 0 
0 0 0 0 2 3 4 4 4 5 5 5 5 5 5 5 5 5 5 5 5 4 4 5 5 5 5 5 5 5 5 5 5 6 6 6 6 6 7 7 7 7 6 6 6 6 6 5 5 5 5 5 5 5 5 5 5 5 5 5 5 5 5 5 5 5 5 5 4 4 4 4 3 3 3 4 4 4 4 4 4 3 3 3 3 3 3 3 3 3 3 3 2 2 1 1 0 0 0 0 0 0 
0 0 0 0 0 0 1 1 1 1 1 1 1 1 1 1 1 1 1 2 2 3 3 3 4 3 4 4 5 6 6 6 6 6 6 6 6 6 6 6 6 6 6 6 6 6 5 5 5 5 5 5 5 5 5 5 5 5 6 6 6 6 6 6 6 6 6 6 6 6 6 6 6 6 6 6 5 5 3 2 2 2 2 2 2 2 1 1 1 1 1 1 1 1 1 1 1 1 1 0 0 0 
0 0 0 1 1 1 1 1 1 3 4 4 4 4 4 4 5 5 6 6 7 7 7 7 7 7 7 6 6 6 6 7 7 7 7 7 7 7 6 6 6 6 6 6 6 6 6 6 6 6 6 6 6 6 6 6 5 5 5 5 5 5 5 5 5 5 5 5 5 5 4 3 3 2 2 2 2 2 2 2 2 2 2 2 2 2 2 2 1 1 1 1 1 1 1 1 1 1 1 0 0 0 
0 0 1 1 0 0 0 0 0 0 1 1 2 2 2 2 2 3 3 4 4 4 4 4 4 4 4 5 5 5 5 5 5 5 5 6 6 6 6 6 6 6 6 6 6 6 6 6 6 6 6 6 6 6 6 6 6 6 6 6 6 6 6 6 6 6 6 6 6 6 5 4 4 4 4 4 4 4 4 4 4 4 4 4 4 4 4 4 4 4 3 3 2 2 2 1 1 1 0 0 0 0 
0 0 0 0 1 1 2 2 2 2 2 2 2 2 2 2 2 2 1 1 1 1 1 1 1 1 1 1 1 1 1 1 1 1 1 1 2 2 2 2 3 3 3 3 3 3 4 4 4 4 4 4 4 4 4 4 4 4 5 5 5 5 5 5 5 5 6 6 6 5 5 5 5 6 6 6 5 6 6 6 6 6 6 6 5 5 4 4 4 4 4 4 4 3 3 3 3 2 1 0 0 0 
0 0 0 1 1 1 1 1 1 1 1 1 1 1 1 1 1 1 2 2 2 2 2 2 2 2 2 2 2 2 2 2 2 2 2 2 2 2 2 2 2 2 2 2 2 2 2 2 2 2 2 2 2 2 2 2 2 2 2 2 2 2 2 2 2 2 2 2 2 2 2 2 2 2 1 0 0 0 0 0 0 0 0 0 1 1 1 1 1 1 1 1 1 1 1 1 1 1 0 0 0 0 
0 1 1 2 2 3 3 3 3 3 3 3 3 3 3 3 3 3 3 3 3 3 4 4 4 4 4 5 5 5 5 5 5 4 5 5 6 6 6 6 6 6 6 7 7 7 6 6 5 5 5 5 5 5 5 4 4 4 4 3 3 3 2 2 2 3 3 3 3 4 4 4 4 4 4 4 3 3 3 3 3 3 3 2 2 1 1 1 1 1 0 0 0 0 0 0 0 0 0 0 0 0 
0 1 1 1 1 1 1 1 3 3 3 3 4 4 4 4 4 4 4 4 4 4 4 4 4 4 4 4 4 4 4 4 4 4 3 3 3 3 3 4 4 4 5 4 4 5 5 5 6 7 7 7 7 7 7 7 7 8 7 6 5 5 5 6 5 5 5 5 5 5 4 4 4 4 3 3 3 4 4 4 3 2 2 2 2 3 3 3 3 3 3 4 4 2 1 1 0 0 0 0 0 0 
0 0 1 1 1 1 2 2 2 2 2 2 3 3 3 3 3 3 3 3 3 3 3 3 3 3 3 3 3 3 4 4 4 5 5 5 5 5 5 5 5 5 6 6 5 5 6 6 6 6 6 6 6 6 6 7 7 7 7 7 6 6 6 6 5 5 5 4 4 4 4 4 3 1 1 1 1 1 1 1 1 1 1 1 1 1 1 1 1 1 1 1 1 1 0 0 0 0 0 0 0 0 
0 1 1 1 1 1 1 2 2 2 2 2 2 2 2 2 2 3 3 2 2 2 2 2 3 3 3 3 3 3 3 3 3 2 2 2 2 2 2 2 2 2 2 2 2 2 2 2 2 2 2 2 2 2 2 3 3 3 3 3 3 4 4 4 4 3 3 3 3 3 3 3 2 2 2 2 2 2 2 2 2 2 2 2 2 2 2 2 2 2 2 2 2 1 1 1 1 1 1 0 0 0 
0 0 0 0 0 0 0 0 0 0 1 1 2 2 2 3 3 3 3 3 3 3 4 4 4 4 4 4 5 5 5 5 5 5 5 6 6 6 6 6 6 6 6 6 6 6 6 6 7 7 7 6 6 7 7 8 8 7 7 7 7 6 6 6 6 6 6 6 5 5 5 4 4 4 4 4 4 4 4 4 4 4 3 3 3 2 1 1 1 1 1 1 0 0 0 0 0 0 0 0 0 0 
0 1 1 0 0 0 0 0 0 1 1 1 1 1 1 1 1 1 1 1 3 3 3 3 3 3 3 4 5 5 5 5 5 5 6 6 7 7 6 6 6 6 6 6 6 5 5 6 7 8 8 8 8 8 8 8 8 8 8 8 8 8 8 8 8 8 8 8 7 7 7 7 7 7 7 7 7 7 7 7 7 7 7 7 7 6 5 5 4 4 4 4 3 3 3 3 3 3 3 2 0 0 
0 0 0 2 2 3 3 3 3 3 3 3 3 3 2 3 3 3 3 3 3 3 3 3 3 3 3 3 3 3 2 2 2 2 2 2 2 2 2 2 2 2 2 2 2 2 2 2 2 2 2 2 2 2 2 2 2 2 2 2 2 2 2 2 2 2 2 2 2 2 2 3 3 4 4 4 4 4 4 4 4 4 4 2 2 2 2 2 2 2 2 2 1 1 1 1 0 0 0 0 0 0 
0 0 0 0 1 2 2 2 2 2 2 2 2 2 2 2 2 3 3 3 3 3 3 3 3 3 3 3 4 4 5 5 5 4 4 4 4 4 4 4 4 4 4 4 4 3 3 3 3 3 3 3 4 4 4 4 4 4 4 4 4 3 3 3 3 2 2 2 1 1 1 1 1 1 1 1 1 1 1 2 1 1 1 1 1 1 1 1 1 1 0 0 0 0 0 0 0 0 0 0 0 0 
0 0 0 0 0 0 0 0 0 0 0 0 0 0 0 0 0 0 0 0 0 0 0 0 0 1 1 2 2 2 2 2 2 2 2 2 2 2 2 2 2 2 2 2 2 2 2 2 2 2 2 1 1 1 1 1 1 1 1 1 1 1 1 1 2 2 2 3 3 3 3 3 2 2 2 1 0 0 1 1 1 1 1 1 1 1 1 1 1 1 1 0 0 0 0 0 0 0 0 0 0 0 
0 0 0 1 1 0 0 0 0 0 0 0 0 0 0 0 1 1 1 1 1 1 1 2 2 3 3 3 3 3 4 5 5 6 6 6 5 5 6 6 5 5 4 4 4 4 4 4 4 4 4 4 4 4 5 5 5 5 4 4 4 4 5 5 5 5 5 5 5 5 5 5 5 5 5 4 5 5 5 5 4 4 4 4 4 3 2 2 2 2 2 2 2 2 2 2 2 2 1 0 0 0 
0 0 0 1 1 2 2 3 3 4 4 4 4 4 4 4 4 4 4 5 5 6 6 6 6 6 5 5 5 5 5 5 5 5 6 6 6 5 5 5 5 6 6 6 5 5 5 5 5 5 5 5 5 4 4 4 4 3 3 3 2 2 2 2 2 2 2 2 2 2 2 1 1 2 2 2 2 2 2 2 2 3 2 2 2 2 2 2 2 2 2 1 1 0 0 0 0 0 0 0 0 0 
0 0 0 0 0 0 0 0 0 0 0 1 1 2 2 2 2 2 2 2 2 2 2 2 2 2 2 2 2 2 4 4 4 4 4 4 4 4 4 4 4 4 4 4 4 4 4 4 4 6 6 6 6 6 6 6 6 6 6 6 6 6 6 6 6 6 6 6 5 5 5 5 5 5 5 5 4 4 4 4 3 3 3 3 2 2 2 2 2 2 2 2 2 2 2 1 0 0 0 0 0 0 
0 0 0 0 0 2 2 2 2 3 3 4 5 5 5 5 5 5 5 5 5 6 6 6 6 6 6 7 7 7 7 7 7 7 7 7 7 7 7 6 6 6 5 5 5 5 6 6 5 5 6 5 5 5 5 6 6 6 5 5 5 4 4 4 4 4 4 3 2 2 2 3 4 4 3 1 1 1 1 0 0 0 0 0 1 1 1 1 1 1 1 1 1 2 2 0 0 0 0 0 0 0 
0 0 0 0 1 1 2 2 2 2 2 2 2 2 2 2 2 2 3 3 3 4 7 7 7 7 7 6 7 7 7 7 7 7 6 6 6 6 6 6 6 6 6 6 6 6 7 7 7 7 6 6 6 6 6 6 6 6 6 6 6 6 6 6 6 6 6 6 5 5 5 5 5 5 5 5 5 5 5 5 5 5 6 5 5 5 3 3 3 3 4 3 3 3 2 2 2 1 1 1 0 0 
0 0 0 1 1 2 2 2 2 3 3 4 5 5 5 5 5 5 5 5 5 5 5 6 7 7 7 7 7 6 7 7 7 6 6 6 6 6 6 6 6 6 6 5 5 5 6 6 6 5 5 5 5 5 5 5 5 5 5 5 4 4 4 4 4 4 4 4 4 4 4 3 4 4 4 4 4 4 4 4 4 4 4 4 4 3 3 3 3 3 3 3 2 2 2 2 2 2 2 1 0 0 
0 0 0 1 2 2 2 2 2 2 2 3 5 5 5 5 5 6 6 6 6 6 6 6 6 6 6 6 6 6 6 6 6 6 6 6 7 7 6 6 6 6 6 6 6 6 6 6 6 6 6 6 6 6 7 5 5 5 5 5 5 5 5 5 5 5 5 5 4 4 4 4 4 3 3 3 3 3 2 2 2 2 2 2 2 2 2 2 1 1 1 1 1 1 1 1 0 0 0 0 0 0 
0 0 0 0 0 0 0 0 0 0 0 0 0 0 0 1 2 2 3 3 3 3 3 3 3 3 3 3 3 3 4 4 4 4 4 4 4 4 6 8 8 9 8 8 8 8 7 7 7 7 7 7 7 7 7 7 7 7 6 6 6 6 6 6 6 6 6 4 4 4 4 4 4 4 4 4 4 4 4 4 4 4 2 2 2 2 2 2 2 2 2 2 2 2 0 0 0 0 0 0 0 0 
0 1 1 4 4 4 4 5 5 5 5 5 4 5 5 5 5 5 5 5 5 5 6 6 6 6 6 6 7 7 8 9 9 9 9 9 9 9 9 9 9 9 9 9 10 11 10 11 11 12 12 12 12 12 12 12 12 11 11 11 11 9 9 10 10 10 11 11 10 9 9 8 8 8 8 7 7 7 7 7 7 7 7 7 7 7 7 7 7 6 6 6 3 2 2 2 2 2 1 1 0 0 
0 0 0 0 0 0 0 0 0 1 1 1 1 2 2 2 2 2 2 2 2 2 2 1 1 2 2 2 2 2 2 2 2 2 3 3 3 2 2 2 4 4 4 4 4 4 4 4 4 4 4 4 4 4 4 4 4 4 3 3 3 3 3 3 3 4 3 3 3 3 3 3 3 3 3 3 3 3 3 3 3 3 3 3 2 2 2 2 2 2 2 1 0 0 0 0 0 0 0 0 0 0 
0 0 1 1 1 1 1 2 3 4 4 4 3 3 3 3 3 3 3 4 4 4 5 5 6 6 6 6 6 6 6 6 5 5 5 5 5 5 5 5 5 5 5 5 5 5 5 5 5 5 5 5 5 5 5 5 6 5 5 5 5 5 5 5 5 4 4 4 4 3 2 2 2 2 1 1 1 1 1 1 1 1 1 1 1 1 1 1 1 1 1 1 1 0 0 0 0 0 0 0 0 0 
0 2 3 3 3 3 3 3 3 3 3 3 3 3 3 3 3 4 4 4 4 5 5 6 6 6 6 6 6 6 6 6 6 6 6 6 6 7 7 7 7 7 7 6 7 7 8 8 8 8 8 8 7 7 7 7 7 7 7 7 7 7 7 8 8 8 8 9 8 7 7 7 7 7 7 7 6 6 5 5 5 5 5 5 6 6 5 4 4 4 4 4 3 2 2 2 1 0 0 0 0 0 
0 0 1 1 1 1 3 3 3 3 3 3 3 3 2 2 2 2 2 2 2 2 2 2 2 2 2 2 2 2 2 2 2 2 1 1 1 1 1 1 1 1 1 2 2 2 2 2 2 2 3 3 3 3 3 3 3 3 3 3 3 3 3 3 3 3 3 3 3 3 3 3 3 3 3 3 3 3 3 3 4 4 5 5 5 4 3 3 3 3 3 3 3 3 3 3 3 2 0 0 0 0 
0 2 3 3 3 4 4 4 4 4 4 5 5 6 6 6 6 6 6 6 7 8 8 8 8 8 8 9 9 9 8 9 9 9 10 10 11 11 10 10 10 10 10 10 10 10 10 9 9 9 9 8 8 7 7 6 5 5 5 5 5 5 6 5 5 4 4 4 4 4 4 4 4 3 3 3 3 2 2 2 2 2 2 2 2 2 2 2 2 2 2 2 2 2 2 0 0 0 0 0 0 0 
0 0 0 1 1 2 2 3 3 3 3 3 3 4 4 5 5 5 5 5 5 6 6 6 6 6 6 6 6 6 7 7 7 7 7 7 8 8 8 8 8 8 8 8 8 8 8 8 8 9 9 10 10 10 9 9 9 9 8 8 8 7 7 7 7 6 6 6 6 6 5 5 4 4 4 4 4 4 4 3 3 3 3 3 4 3 2 2 1 1 1 1 1 1 1 1 0 0 0 0 0 0 
0 0 0 1 2 2 2 2 2 2 2 2 2 2 3 3 3 3 3 3 3 3 3 4 4 4 4 4 5 5 5 5 5 5 5 5 5 6 6 6 6 6 6 6 6 7 7 6 6 6 6 6 6 5 5 5 5 5 4 4 4 4 4 4 4 4 4 4 4 4 4 3 2 2 2 2 2 2 1 1 1 1 1 1 1 1 1 1 1 1 1 1 1 1 0 0 0 0 0 0 0 0 
0 0 0 0 0 0 0 0 0 0 0 0 0 0 0 0 0 0 1 1 2 2 2 2 2 2 2 2 2 2 2 2 3 3 4 4 4 4 4 4 5 5 5 5 5 5 4 4 4 4 4 4 3 3 3 3 4 4 3 3 3 3 3 3 3 3 3 3 3 3 3 3 3 3 3 3 3 3 3 3 2 2 2 2 2 3 3 2 2 1 1 1 1 1 1 1 1 1 1 1 0 0 
0 0 0 0 0 0 1 1 1 1 1 2 2 2 2 2 2 2 2 2 2 2 2 3 3 3 3 3 4 4 4 4 4 4 4 4 4 4 4 4 4 5 5 4 4 4 4 4 5 5 5 5 5 5 5 5 5 5 5 5 4 4 4 4 4 4 4 4 4 4 4 4 4 4 4 4 3 3 3 3 3 3 4 4 4 4 4 4 5 5 4 4 3 3 3 3 0 0 0 0 0 0 
0 1 1 1 1 2 2 2 2 2 2 3 3 3 4 5 5 5 5 5 6 6 6 7 7 7 8 8 8 8 8 8 8 8 8 9 9 9 9 9 9 9 9 9 9 9 10 10 9 9 8 8 7 7 7 7 7 7 7 7 7 6 6 6 6 6 6 6 6 6 6 6 6 6 6 6 6 6 5 5 5 5 5 4 3 3 3 3 3 3 3 2 1 1 1 1 0 0 0 0 0 0 
0 0 0 0 0 0 0 0 0 0 0 0 0 0 0 1 2 2 2 2 2 2 2 2 2 2 2 2 2 2 2 3 3 4 4 4 4 4 4 5 5 5 4 4 3 3 3 3 3 3 3 2 2 2 3 3 3 3 3 3 3 3 3 2 2 2 2 2 2 2 3 3 3 3 3 3 3 3 4 4 3 3 3 3 2 2 2 1 1 1 1 0 0 0 0 0 0 0 0 0 0 0 
0 0 0 0 1 1 1 2 3 3 3 3 3 3 3 3 3 3 3 3 3 3 3 3 3 3 3 3 3 3 3 3 3 3 3 3 3 3 3 4 4 4 4 4 4 4 4 4 4 4 3 3 3 3 4 4 4 3 3 3 3 3 3 3 4 3 3 3 3 3 3 3 3 3 3 3 3 4 4 4 4 3 3 2 1 0 0 0 0 0 0 0 0 0 0 0 0 0 0 0 0 0 
0 1 1 1 1 1 1 1 1 1 1 2 2 3 3 3 3 3 3 4 4 3 3 3 3 3 3 4 4 5 5 5 5 6 6 5 5 5 5 4 4 4 6 6 6 6 6 6 6 6 7 8 9 10 9 9 9 9 9 8 7 7 7 6 6 4 4 4 4 4 4 4 4 4 4 4 4 4 4 4 4 4 4 4 4 4 4 4 4 4 2 2 2 2 2 2 2 2 0 0 0 0 
0 2 2 2 3 3 3 3 3 3 4 4 4 4 4 4 4 4 4 5 5 6 6 6 6 6 7 7 7 7 8 8 8 8 7 7 6 6 6 6 6 6 6 6 6 6 6 7 7 7 7 7 8 8 8 8 8 8 8 8 7 6 6 6 6 6 5 5 5 5 5 5 5 5 5 5 5 4 4 4 4 2 2 2 2 2 2 2 2 2 2 1 1 1 1 1 1 1 1 1 0 0 
0 0 0 0 0 1 1 1 2 3 3 4 4 5 5 5 5 5 5 5 5 6 6 6 6 6 6 6 7 7 7 8 8 8 8 8 8 8 9 9 9 8 8 8 8 8 8 6 6 6 6 6 5 5 5 5 5 5 5 5 5 5 6 6 6 6 6 6 5 5 5 5 5 5 3 3 3 3 3 3 2 2 2 2 2 2 2 2 2 2 2 2 2 2 1 1 1 1 1 1 0 0 
0 0 0 0 0 0 0 1 1 2 2 2 2 2 2 2 2 2 2 2 2 2 2 2 2 2 2 3 4 5 5 4 4 4 4 5 6 6 6 6 6 6 6 6 6 6 6 6 6 6 6 6 6 6 6 6 5 5 5 5 5 5 5 5 5 5 5 5 5 5 5 5 5 5 5 5 5 5 5 4 4 4 3 3 2 2 2 2 2 2 1 1 0 0 0 0 0 0 0 0 0 0 
0 0 2 2 2 2 2 2 2 2 2 3 3 3 3 3 3 3 3 3 3 4 4 4 4 4 4 4 4 5 5 5 7 7 7 7 7 7 7 8 8 8 8 7 8 8 7 6 6 6 6 6 6 6 6 6 6 6 6 6 6 6 6 7 7 8 8 7 7 7 6 6 6 6 6 6 6 6 4 4 4 4 4 3 3 4 4 4 4 4 4 4 4 4 3 2 1 1 1 0 0 0 
0 1 1 1 1 1 1 1 1 2 3 2 2 2 2 2 2 2 2 2 2 2 3 3 3 3 3 3 3 3 3 4 4 4 4 4 4 3 3 3 3 3 3 3 3 3 3 3 3 3 3 2 2 2 2 2 1 1 1 1 1 1 1 1 1 1 1 1 1 1 1 1 1 1 1 1 1 1 1 1 1 1 1 1 1 1 1 1 1 0 0 0 0 0 0 0 0 0 0 0 0 0 
0 1 1 1 2 3 4 4 4 4 4 4 4 4 4 4 4 4 4 5 5 5 5 5 5 5 5 5 6 6 6 7 7 7 7 7 8 8 7 7 7 8 8 8 7 7 7 7 7 7 7 7 7 7 7 7 7 7 7 7 7 7 7 7 7 7 7 7 6 6 6 6 6 6 6 5 5 5 5 5 5 5 4 3 2 2 2 2 1 1 1 1 0 0 0 0 0 0 0 0 0 0 
0 0 0 0 1 2 2 2 2 2 2 2 2 2 2 2 2 2 2 2 2 2 2 2 2 2 2 2 2 2 2 2 2 2 2 2 2 2 2 2 2 2 2 2 2 2 2 2 2 2 2 2 2 2 2 2 2 2 2 2 2 3 3 3 3 3 3 3 3 3 3 3 3 3 2 2 2 2 2 2 2 2 2 2 1 1 1 1 1 1 0 0 0 0 0 0 0 0 0 0 0 0 
0 0 0 1 1 1 1 1 2 4 4 4 4 4 4 4 4 4 4 4 4 4 4 4 4 5 6 6 6 6 6 7 7 7 7 7 7 7 7 8 9 9 9 9 9 8 7 7 7 7 7 7 8 8 7 7 7 7 7 7 7 7 7 7 7 6 6 6 6 6 6 6 6 6 5 5 5 6 5 5 5 5 4 4 3 3 3 2 2 1 2 2 2 2 1 1 2 2 1 1 0 0 
0 0 0 1 2 2 1 2 2 2 2 2 2 2 2 2 2 3 3 3 3 3 3 2 3 3 3 3 3 3 3 3 3 3 3 3 3 3 3 3 3 3 3 3 3 3 3 3 3 3 3 3 4 4 4 4 4 4 4 4 4 4 4 4 4 4 3 2 2 2 2 2 2 2 2 2 2 2 2 3 3 3 3 3 2 2 2 2 2 2 2 2 2 1 0 0 0 0 0 0 0 0 
0 0 1 2 2 2 2 2 2 1 1 2 2 2 2 2 2 2 2 2 3 3 3 3 3 3 3 3 3 3 2 2 1 1 2 2 2 3 3 3 3 3 3 3 2 2 2 2 2 2 3 3 3 3 3 2 2 2 2 2 2 2 2 2 2 2 2 2 2 2 2 2 3 3 3 3 3 3 3 3 3 3 3 3 3 3 2 1 1 1 1 1 1 1 1 1 1 0 0 0 0 0 
0 0 1 1 1 1 1 1 1 1 1 1 1 1 2 2 3 3 3 4 4 4 5 5 5 5 5 5 5 5 5 5 6 6 6 6 6 7 8 8 8 8 8 8 9 9 9 9 9 9 9 10 11 11 10 10 10 10 9 9 9 8 8 8 8 7 7 7 6 6 6 6 6 6 6 6 6 5 5 4 4 4 3 3 3 3 2 2 2 2 2 2 2 2 1 1 0 0 0 0 0 0 
0 0 0 0 0 0 0 0 0 0 1 1 1 1 1 1 1 1 1 1 1 1 2 2 2 2 2 2 2 2 2 2 2 2 2 3 4 4 5 5 5 5 5 5 5 5 5 5 6 6 6 6 6 6 7 8 8 8 7 6 6 5 4 4 4 4 4 4 4 4 4 4 3 3 3 4 4 4 4 4 4 4 4 4 4 3 3 3 2 2 1 1 1 1 1 1 1 1 1 0 0 0 
0 1 1 1 1 2 2 2 2 3 3 3 3 4 4 4 4 5 5 6 6 6 6 6 6 6 6 6 5 5 4 4 4 4 4 4 4 4 4 4 4 4 3 3 3 3 2 2 3 3 3 3 3 3 3 3 3 3 3 3 4 4 4 4 4 4 4 4 4 4 5 4 5 6 6 6 6 6 6 6 6 6 6 5 5 3 3 3 3 3 3 3 3 3 3 3 2 2 2 1 0 0 
0 0 0 1 1 1 1 1 1 1 1 1 1 1 1 1 1 1 1 2 2 2 2 2 2 3 3 3 3 3 3 3 3 3 3 3 3 3 3 3 3 3 3 3 3 3 3 3 3 3 3 4 4 4 4 4 2 2 2 2 2 2 2 2 3 3 3 3 3 3 3 3 3 3 3 3 3 3 3 3 3 3 3 3 1 1 1 1 1 1 1 1 1 1 1 1 0 0 0 0 0 0 
0 0 0 0 0 0 0 0 0 0 0 0 0 1 1 1 1 1 3 3 4 4 4 3 3 3 3 2 2 2 2 2 2 2 2 3 2 2 2 2 2 2 2 2 3 3 3 3 3 3 3 3 3 3 3 3 3 3 4 4 5 5 5 5 5 5 5 5 5 5 5 4 4 4 4 4 4 4 4 2 2 2 2 2 2 2 2 2 1 1 1 1 1 1 1 1 0 0 0 0 0 0 
0 0 0 0 0 0 0 2 2 2 2 2 2 2 2 2 2 2 3 3 4 4 4 4 4 4 4 4 3 4 4 4 4 4 4 4 4 4 3 3 3 3 4 4 4 4 4 4 4 4 4 4 4 5 5 5 4 4 4 4 4 4 4 4 4 4 3 2 2 2 2 2 2 2 2 2 2 2 1 1 1 0 0 0 0 0 0 0 0 0 0 0 0 0 0 0 0 0 0 0 0 0 
0 1 1 1 1 1 1 3 3 3 3 3 3 3 5 5 4 4 4 4 4 5 6 6 6 7 7 7 7 6 6 6 6 6 6 6 6 6 6 6 6 5 5 5 5 5 6 5 4 4 4 4 5 6 6 6 6 6 6 6 6 6 6 6 6 6 6 6 6 6 6 5 5 5 4 4 4 4 4 4 4 4 4 4 4 4 4 4 4 4 3 3 3 3 3 3 3 2 1 1 0 0 
0 0 0 0 0 0 0 1 2 3 3 4 4 4 4 4 4 4 3 3 3 3 4 4 4 4 4 4 4 4 5 5 5 5 5 6 6 6 7 6 6 7 6 6 7 7 7 7 7 8 8 7 7 7 7 7 7 7 7 7 7 7 7 7 7 7 7 7 6 6 5 5 5 5 5 5 3 3 3 3 3 3 3 3 2 2 2 2 2 2 2 1 1 1 0 0 0 0 0 0 0 0 
0 0 0 0 0 1 1 1 1 1 1 2 2 2 2 2 4 4 5 5 5 5 5 5 5 5 5 6 6 7 6 6 6 6 6 7 7 7 6 5 5 5 5 5 6 6 6 6 6 6 6 6 5 4 3 3 2 2 2 2 3 3 3 4 4 4 4 4 4 4 4 4 4 4 4 5 5 5 5 3 3 3 3 3 3 3 3 3 3 3 3 3 2 2 2 2 1 1 0 0 0 0 
0 0 0 1 1 1 1 1 1 1 1 1 1 1 1 1 1 1 2 3 3 3 3 3 3 4 4 4 4 4 5 5 5 5 5 5 5 5 5 5 5 5 4 4 3 3 3 3 3 4 4 3 4 4 4 4 4 4 4 4 4 4 4 4 4 4 4 5 6 5 5 5 5 5 5 5 4 4 3 3 3 3 3 3 3 2 2 2 2 2 2 2 2 2 2 0 0 0 0 0 0 0 
0 0 2 3 3 3 3 3 3 4 5 5 5 5 6 5 5 5 5 5 5 5 5 5 6 6 6 6 6 6 6 6 6 7 7 7 7 8 8 8 8 8 8 8 8 8 9 9 9 8 6 4 3 3 3 3 3 3 3 3 3 3 3 3 3 3 3 3 3 3 3 3 3 2 2 2 2 2 2 2 2 2 2 2 2 2 2 1 0 0 0 0 0 0 0 0 0 0 0 0 0 0 
0 0 0 2 2 2 2 2 2 2 2 2 2 2 2 2 2 2 2 2 2 2 2 2 2 2 2 2 2 2 2 2 2 2 2 2 2 2 2 2 2 2 2 2 2 2 2 2 2 1 1 1 1 1 1 1 1 1 1 1 1 1 1 1 2 2 2 2 2 1 1 1 1 1 1 1 1 1 1 1 0 0 0 0 0 0 0 0 0 0 0 1 1 1 1 1 1 1 1 0 0 0 
0 1 1 1 1 1 2 2 2 2 2 2 2 2 2 2 2 2 2 2 2 2 2 4 5 5 5 6 6 7 6 6 6 6 7 7 7 7 7 7 7 7 7 7 7 7 7 7 7 7 7 7 7 7 7 6 6 6 6 6 6 6 6 6 6 6 6 7 7 7 6 5 5 5 5 5 5 5 5 5 4 3 3 3 3 2 2 2 2 2 2 2 2 0 0 0 0 0 0 0 0 0 
0 0 0 0 0 0 0 0 0 0 0 0 0 1 1 1 1 2 3 2 2 1 1 1 1 1 1 1 1 2 3 3 2 3 4 4 3 3 3 3 3 3 3 3 3 3 3 3 3 4 4 4 4 4 4 4 4 4 4 4 3 3 3 3 3 3 2 2 2 2 2 2 2 2 2 2 2 3 2 2 2 2 2 2 2 2 2 2 2 2 2 2 1 1 1 1 1 0 0 0 0 0 
0 2 2 2 2 3 4 5 5 5 4 4 4 4 4 4 6 6 6 6 7 9 9 9 9 8 8 8 8 8 8 8 8 8 8 8 8 8 8 8 9 9 9 9 9 8 9 9 9 9 9 7 7 7 7 7 7 7 7 7 6 6 7 7 7 7 7 7 7 7 7 7 7 7 7 7 7 6 7 5 5 5 5 4 3 3 2 2 2 2 2 2 2 2 2 2 2 2 2 1 0 0 
0 0 0 1 1 3 3 3 3 3 3 3 3 3 3 3 3 3 3 3 4 4 4 4 4 4 4 4 4 4 4 5 5 5 4 4 4 4 4 3 3 3 3 3 3 3 3 2 2 2 2 2 1 1 1 1 1 1 1 0 0 0 0 0 0 0 0 0 0 0 0 0 0 0 0 0 0 0 0 0 0 0 0 0 0 0 1 1 1 1 1 1 1 0 0 0 0 0 0 0 0 0 
0 0 0 0 0 0 0 0 1 1 1 1 1 2 3 3 3 3 3 3 3 3 3 3 3 3 3 3 3 3 3 3 3 3 3 3 3 3 3 3 3 3 3 3 4 4 4 4 4 3 3 3 2 2 2 2 2 1 1 1 1 2 2 2 2 2 2 2 2 2 3 3 3 3 3 3 3 3 4 4 4 4 4 2 2 2 2 2 1 2 2 2 2 2 2 1 0 0 0 0 0 0 
0 0 0 0 0 0 0 0 0 0 0 0 0 0 0 0 1 1 2 2 2 2 3 3 3 3 3 3 3 4 4 4 4 4 4 3 3 3 3 3 3 3 3 4 4 4 4 4 4 6 6 6 6 5 6 6 5 5 5 5 5 5 5 5 5 5 5 5 5 5 5 4 4 4 4 4 4 4 3 3 3 3 3 3 3 3 3 3 3 3 3 3 3 3 3 3 3 2 2 1 0 0 
0 0 0 1 1 1 1 1 1 1 2 2 2 2 2 2 2 2 2 2 2 2 2 2 2 3 3 2 2 2 2 2 2 2 2 2 3 3 3 3 3 3 3 3 3 3 3 3 3 3 3 3 3 3 3 4 5 4 3 3 3 3 3 3 3 3 2 2 2 2 1 1 1 1 1 1 1 2 2 2 3 3 3 3 2 2 2 2 2 2 2 2 2 2 2 1 0 0 0 0 0 0 
0 0 0 0 0 0 0 0 0 0 0 0 0 1 1 2 3 3 3 3 3 4 4 5 5 5 5 6 6 5 5 5 5 5 5 5 5 5 5 5 4 4 5 4 4 5 5 5 5 5 6 6 7 6 6 6 6 6 6 6 6 5 5 5 5 5 5 5 5 5 5 5 5 4 5 6 6 6 6 6 6 6 6 6 5 5 5 5 4 4 4 3 3 3 3 3 3 3 2 1 0 0 
0 0 1 2 2 2 2 2 3 3 3 3 3 3 3 3 4 4 5 5 5 5 5 5 5 5 5 5 5 5 5 5 6 6 6 5 5 5 5 5 5 5 5 5 5 5 4 4 4 4 4 4 5 5 5 6 6 6 6 6 6 5 5 4 4 4 4 4 4 4 3 3 3 3 3 3 3 3 2 2 2 1 1 1 1 0 0 0 0 0 0 0 0 0 0 0 0 0 0 0 0 0 
0 0 0 0 0 0 0 0 1 1 2 3 3 4 4 4 4 5 5 5 5 5 5 5 5 5 4 4 4 4 4 4 5 7 8 8 8 8 8 8 8 7 7 7 8 8 9 9 9 9 9 9 9 9 9 9 10 10 10 10 9 9 9 9 9 8 8 8 8 8 6 5 5 5 5 5 5 5 5 5 5 5 6 6 6 6 6 6 5 5 4 3 3 3 2 2 2 2 0 0 0 0 
0 0 0 0 0 1 1 1 1 1 1 1 2 2 2 2 2 2 2 3 3 3 3 3 3 3 3 3 3 3 3 3 3 3 3 3 3 3 4 4 4 4 4 4 4 5 5 5 5 5 5 5 5 5 5 5 5 5 5 4 4 4 3 3 3 3 3 3 3 3 3 3 3 3 3 3 3 3 4 4 4 4 4 4 4 3 3 3 2 2 1 1 1 1 1 1 1 1 1 1 0 0 
0 1 1 1 2 2 2 2 2 2 3 3 3 3 4 4 4 4 4 4 4 4 4 4 4 4 4 4 2 2 3 3 4 4 4 4 5 6 6 6 6 6 7 7 7 7 7 7 7 6 6 5 5 5 5 5 5 5 5 4 3 3 3 3 3 3 3 3 3 2 2 2 2 1 1 1 0 0 0 0 0 0 0 0 0 0 0 0 0 0 0 0 0 0 0 0 0 0 0 0 0 0 
0 1 1 2 2 2 2 2 2 2 2 2 2 1 1 2 2 2 2 2 3 3 3 3 4 4 4 4 4 5 5 5 5 5 5 5 4 4 4 4 4 4 4 4 3 4 4 4 4 4 3 3 3 3 3 3 4 3 2 2 2 2 1 1 1 2 2 2 2 3 3 3 3 3 3 3 3 2 2 2 2 2 2 2 2 2 2 2 2 2 2 1 1 0 0 0 0 0 0 0 0 0 
0 0 1 1 2 2 2 2 2 2 2 2 2 2 2 3 4 4 5 6 6 6 6 6 6 6 7 7 7 7 8 8 8 8 7 7 7 7 8 8 7 7 8 8 8 8 8 8 8 8 8 9 9 9 9 9 9 9 8 8 8 6 6 6 6 6 5 4 4 4 4 4 4 4 4 4 4 4 4 4 4 4 4 4 3 3 3 3 3 3 3 3 3 3 3 2 2 1 1 0 0 0 
0 0 0 1 2 3 3 4 4 4 4 4 4 4 4 4 4 4 4 4 4 4 4 4 4 4 4 4 5 5 5 5 5 5 5 6 6 6 6 6 6 6 5 5 5 5 5 5 5 5 5 5 5 5 5 5 5 5 5 5 5 5 3 3 3 3 4 4 4 4 4 4 4 4 4 4 4 3 3 3 3 3 3 3 3 2 2 2 2 2 1 1 1 1 1 1 0 0 0 0 0 0 
0 0 0 0 0 0 0 1 1 1 1 2 3 3 3 3 3 3 4 4 4 4 4 4 4 4 4 4 4 4 4 4 5 5 6 6 6 7 7 7 7 7 7 8 8 8 7 7 6 6 6 6 6 6 6 7 6 6 6 6 6 8 7 6 6 6 6 7 6 5 5 5 5 5 5 5 5 5 5 5 5 5 5 4 4 4 3 3 3 3 3 2 1 1 1 0 0 0 0 0 0 0 
0 0 0 0 1 1 2 2 2 2 2 2 2 2 2 3 3 3 3 3 3 3 2 2 2 2 2 2 3 3 4 4 4 4 4 4 4 4 4 4 4 4 4 4 4 4 4 4 4 4 4 4 4 3 3 3 3 4 4 4 4 4 4 4 3 3 3 3 3 3 3 3 3 3 3 3 3 3 3 3 3 3 3 3 3 3 3 3 3 3 3 3 3 2 2 2 2 0 0 0 0 0 
0 1 1 1 1 1 1 1 1 1 1 1 2 2 2 2 2 2 3 3 3 3 3 3 3 4 4 4 4 4 4 4 5 5 5 4 4 4 4 4 4 4 3 3 3 3 3 4 4 4 5 6 6 6 6 6 7 7 7 7 7 7 8 8 8 9 9 9 9 8 9 9 9 10 9 9 9 8 7 7 8 8 7 6 5 5 5 5 5 4 3 3 3 2 1 1 0 0 0 0 0 0 
0 2 3 5 5 5 6 6 6 6 6 7 7 6 6 6 6 6 6 6 6 5 4 4 4 4 4 4 5 5 5 5 5 5 6 6 6 6 6 6 6 6 6 4 4 5 5 5 5 5 5 5 5 5 5 5 4 4 4 4 4 4 4 5 5 5 5 5 5 5 6 6 6 6 6 5 5 5 4 4 3 2 2 2 2 2 2 2 2 1 1 1 1 1 1 1 0 0 0 0 0 0 
0 0 0 0 0 0 0 0 1 2 2 2 2 2 3 3 3 4 4 4 4 4 4 4 4 4 4 4 4 4 4 4 4 4 3 3 3 3 3 3 3 3 3 3 3 3 2 2 2 2 2 4 4 4 4 4 4 4 2 1 1 2 2 2 2 2 1 1 1 1 1 1 1 1 1 1 1 1 1 1 1 1 1 1 1 1 1 1 1 1 1 1 1 0 0 0 0 0 0 0 0 0 
0 0 0 0 0 1 1 1 1 1 2 2 3 3 3 4 4 6 6 6 6 6 6 6 6 8 8 8 8 7 7 7 7 7 8 8 9 9 9 9 9 9 9 9 9 9 9 10 9 9 9 9 9 9 9 9 9 9 9 9 9 9 9 9 8 8 8 8 8 7 8 6 6 6 6 5 5 5 5 4 4 4 3 3 3 2 2 2 2 1 1 1 2 1 1 1 1 1 1 0 0 0 
0 1 1 2 2 4 4 4 4 4 4 4 4 4 4 4 4 5 5 5 6 6 6 6 6 6 6 7 7 7 7 7 7 7 7 7 7 7 7 7 7 7 7 8 8 8 9 9 9 9 9 9 9 9 9 9 9 8 8 8 8 8 8 8 8 7 7 7 7 6 6 6 5 5 5 5 6 6 5 5 5 5 5 4 4 4 4 3 2 1 1 1 1 1 1 1 1 2 2 1 0 0 
0 0 0 0 0 0 0 1 1 1 1 1 1 2 3 3 3 3 3 3 3 3 3 3 3 3 3 3 3 3 3 3 3 3 3 3 3 3 3 3 3 3 3 3 3 3 3 3 3 3 3 3 3 3 3 3 3 3 3 3 3 3 3 2 2 2 2 2 2 2 1 1 1 1 1 1 1 1 1 1 0 1 1 1 1 1 1 1 1 1 1 1 1 1 1 1 1 1 0 0 0
0 0 0 0 0 1 1 1 1 2 2 2 2 2 2 2 2 2 2 2 2 2 3 3 3 3 3 3 3 3 2 3 3 3 3 3 3 3 3 3 3 3 3 3 3 3 3 3 3 3 3 3 4 4 4 4 4 5 5 5 5 5 4 4 4 4 4 4 4 4 4 4 4 4 3 3 3 3 3 3 3 3 3 3 3 3 3 3 3 2 2 2 2 1 1 1 1 1 1 1 1
0 0 0 0 0 0 0 0 0 0 0 0 1 1 2 2 2 2 3 3 3 3 3 4 4 4 4 4 5 6 6 6 6 6 6 6 6 6 5 5 5 5 5 5 5 5 6 6 6 5 5 5 5 5 5 5 5 5 5 4 4 4 4 4 4 4 4 4 4 4 4 4 4 4 4 4 4 5 5 5 4 4 4 4 4 4 4 4 3 3 3 3 2 2 2 2 2 2 1 1 1
0 0 0 0 0 0 0 0 0 1 1 2 2 2 3 3 3 3 3 3 3 3 3 3 3 4 6 6 6 7 7 7 8 8 8 7 7 6 6 7 7 7 7 9 9 9 9 9 8 9 9 9 9 9 9 9 9 9 9 8 8 8 8 8 8 9 9 8 9 9 9 9 9 9 9 9 10 10 10 9 9 9 9 8 7 7 7 6 5 5 5 5 4 4 4 4 4 4 2 2 1
0 0 0 0 0 0 0 1 1 1 1 1 1 1 1 1 1 1 1 1 3 3 3 4 5 5 5 5 5 5 5 5 5 5 5 5 5 5 5 6 6 6 6 5 5 6 6 6 6 6 6 6 6 5 5 5 5 5 4 4 4 3 4 4 4 4 3 3 3 3 3 3 3 3 2 2 2 2 2 2 2 2 2 2 2 2 2 2 2 2 2 1 1 1 0 0 0 0 0 0 0
0 0 0 0 0 0 1 1 1 1 1 1 1 1 1 2 2 2 2 2 2 2 2 2 2 3 4 4 4 5 5 5 5 4 4 5 5 5 6 6 6 7 7 7 7 7 7 8 8 9 9 9 9 9 9 9 9 9 9 8 8 9 9 8 8 7 7 7 7 7 7 7 7 7 7 7 6 6 6 6 6 6 5 4 4 4 4 4 4 4 3 3 3 3 2 2 2 2 2 2 1
0 1 1 2 2 1 1 1 1 1 1 1 2 2 2 2 2 4 4 4 4 3 3 3 4 4 4 4 5 5 5 5 5 5 5 5 5 5 5 5 4 3 3 3 2 2 3 4 4 4 4 4 4 4 4 4 4 4 4 4 3 4 4 4 4 4 4 4 4 4 4 3 3 3 3 3 2 2 2 2 1 1 1 1 1 1 1 1 1 1 1 1 1 1 1 1 1 1 0 0 0
1 2 2 2 2 2 2 2 3 3 3 4 4 4 4 4 4 4 5 5 5 5 5 5 5 5 5 5 5 5 5 5 4 4 4 4 5 5 5 5 5 5 5 6 7 7 6 6 6 7 7 8 8 8 8 8 8 8 7 7 7 7 7 8 8 8 8 8 8 8 8 8 8 9 7 7 6 6 6 6 6 5 4 4 4 4 4 4 4 4 4 4 4 4 3 1 0 0 0 0 0
0 0 0 0 0 0 0 0 0 0 0 0 0 0 0 0 0 0 0 0 0 0 0 0 0 0 0 1 1 1 1 1 1 1 1 1 1 1 1 1 1 1 1 0 0 0 0 0 0 0 0 0 0 0 0 0 0 0 0 0 0 0 0 0 0 0 0 0 0 0 0 1 1 1 1 2 2 2 2 2 2 2 2 2 2 2 2 2 3 1 1 1 1 1 1 1 1 1 1 0 0
0 0 0 0 0 0 0 0 0 2 2 2 2 2 2 2 2 2 2 2 2 2 2 2 2 2 2 3 3 3 3 3 3 3 3 3 4 4 4 4 5 5 5 4 5 5 5 5 6 6 6 6 7 7 7 7 7 7 7 7 7 7 7 7 7 5 5 5 5 5 4 3 3 3 3 3 3 3 3 3 2 2 2 2 2 2 2 2 2 2 2 2 2 2 2 2 2 2 2 0 0
0 0 0 0 0 1 1 1 1 1 1 1 2 2 2 2 2 2 1 1 1 1 1 1 1 1 1 1 1 1 2 2 2 2 2 2 2 2 2 2 2 2 2 2 2 2 2 2 2 2 2 2 2 2 2 2 2 2 2 2 2 2 2 2 2 2 2 2 3 3 3 3 3 3 3 3 3 3 2 3 3 2 1 1 1 1 1 1 1 1 1 0 0 0 0 0 0 0 0 0 0
0 0 0 0 0 1 2 2 3 3 3 3 3 3 5 5 5 6 6 8 8 8 8 8 8 8 8 8 8 8 8 8 8 8 8 8 8 9 9 8 8 8 8 8 8 7 7 7 8 7 7 7 6 5 5 5 5 4 4 3 3 2 1 1 1 1 1 1 1 1 1 1 1 1 1 1 1 1 1 1 1 1 1 1 1 1 1 1 1 1 1 1 1 1 1 1 1 1 0 0 0
0 0 0 0 0 1 1 1 1 1 1 1 1 1 1 1 1 1 1 1 1 1 2 2 2 2 2 4 2 2 2 2 2 2 2 2 2 2 2 2 2 3 3 3 3 3 2 2 2 2 2 2 2 2 2 2 2 2 2 2 2 2 2 2 3 3 3 3 3 3 3 3 3 3 3 3 2 2 2 2 2 2 2 2 2 2 2 2 2 2 1 1 1 1 1 1 1 0 0 0 0
0 0 0 0 0 0 0 0 0 1 1 1 1 1 1 1 2 2 3 3 3 3 3 3 4 4 4 4 3 4 4 4 4 6 6 6 7 8 7 7 7 7 7 7 6 5 5 5 5 4 4 4 4 5 5 5 5 4 4 4 4 4 4 4 4 5 5 4 4 5 5 5 4 4 4 4 4 4 4 4 4 3 2 2 2 2 2 2 2 1 1 1 0 0 0 0 0 0 0 0 0
0 0 0 1 1 1 1 1 1 1 2 3 3 3 3 3 3 2 2 3 4 4 4 4 4 4 4 4 4 4 4 4 4 4 4 4 4 4 4 4 4 4 4 4 4 4 4 4 5 4 4 4 4 4 4 4 4 4 4 5 5 5 5 5 5 5 5 5 5 5 5 5 5 5 3 3 3 3 2 2 2 2 2 2 1 1 1 1 1 1 1 1 1 1 1 1 1 0 0 0 0
1 1 2 2 2 2 2 2 2 2 4 4 4 4 4 5 5 5 5 5 5 6 6 6 6 6 6 6 6 6 6 6 6 4 4 4 4 4 4 4 4 4 4 4 4 4 4 4 4 4 4 4 5 5 4 3 3 3 3 3 3 3 3 3 3 3 4 3 3 3 3 2 2 2 2 2 1 3 1 1 1 1 1 1 1 1 2 2 2 2 1 1 1 0 0 0 0 0 0 0 0
1 1 1 1 1 1 2 3 3 2 2 4 4 4 4 4 4 4 4 4 4 4 4 4 4 4 4 4 4 4 4 4 4 4 4 4 4 4 4 4 4 4 5 5 5 5 5 5 5 5 5 5 5 5 5 5 5 5 4 4 4 4 4 4 4 4 4 4 4 4 4 3 3 3 3 3 2 2 2 3 3 3 3 3 2 2 2 1 1 1 1 1 1 0 0 0 0 0 0 0 0
0 1 3 3 3 3 3 3 3 3 3 5 6 6 7 7 7 7 6 5 5 5 5 5 4 4 4 4 4 4 3 3 3 3 2 2 2 2 2 2 2 2 2 2 2 2 2 2 2 2 2 2 2 2 2 2 2 3 4 4 4 4 4 4 4 4 3 3 3 3 3 3 3 3 3 3 3 3 3 3 3 3 3 3 3 3 2 2 2 2 2 2 3 3 3 3 3 3 3 1 1
0 0 1 1 2 2 2 2 3 3 4 4 4 4 5 5 5 5 6 6 6 6 6 6 6 6 6 6 6 6 6 5 5 5 5 5 6 6 6 6 6 5 5 5 5 5 5 5 6 6 6 6 5 5 5 5 5 5 5 5 5 6 6 6 6 6 6 5 5 5 5 5 5 5 5 4 4 4 4 4 4 3 3 3 3 3 3 3 1 1 2 2 2 1 1 0 0 0 0 0 0
0 0 0 0 1 1 1 2 2 3 3 3 3 3 3 3 3 3 3 3 3 3 2 3 3 3 3 3 3 3 2 2 2 2 2 2 3 3 3 3 3 3 3 3 3 5 5 5 5 6 6 6 6 6 6 6 6 6 6 6 6 6 7 6 6 6 6 6 6 7 7 7 7 7 6 6 6 4 4 4 4 4 4 4 4 3 2 2 1 1 0 0 0 0 0 0 0 0 0 0 0
1 1 1 1 1 1 1 1 1 1 1 1 1 1 1 1 1 1 1 1 2 2 3 3 3 3 3 3 3 3 3 4 3 3 3 3 3 3 3 3 3 3 3 3 3 3 3 3 3 3 3 3 3 3 3 3 3 3 3 2 2 2 2 2 2 2 2 1 1 1 1 2 2 2 2 2 2 2 2 2 2 2 2 2 2 2 2 1 1 1 1 1 1 1 1 1 1 1 1 1 1
1 1 1 1 1 1 1 2 2 2 2 4 4 4 4 4 5 6 7 10 10 10 10 10 10 10 10 10 10 10 10 10 10 11 11 11 11 10 11 11 11 11 11 11 11 11 12 12 11 10 10 10 10 10 9 9 9 9 7 7 7 7 7 7 8 9 8 8 8 8 9 9 9 9 8 8 7 7 6 5 5 4 2 2 2 2 2 2 2 2 2 2 2 2 2 1 1 1 1 1 1
0 0 0 1 1 1 1 1 1 1 1 1 1 1 3 3 3 4 4 4 4 4 4 4 4 4 5 5 5 5 5 5 5 5 5 5 5 5 6 6 5 5 5 6 6 6 5 5 5 5 5 5 5 5 5 5 5 5 5 5 5 5 4 4 4 4 4 3 4 4 4 4 4 4 3 3 3 3 3 3 3 3 3 3 3 3 3 3 3 3 3 2 2 0 0 1 1 1 1 0 0
1 1 1 1 1 1 1 1 1 1 1 2 2 2 2 2 2 2 2 2 2 2 2 2 2 2 2 2 2 2 2 2 2 2 2 3 3 3 3 3 3 2 2 2 2 2 2 2 2 2 2 2 2 2 2 2 2 2 2 2 2 2 3 3 3 3 3 3 3 3 3 3 3 3 3 3 3 3 3 3 3 3 3 3 3 2 2 1 0 1 1 1 1 0 0 0 0 0 0 0 0
0 0 0 0 0 0 0 0 0 0 0 0 0 0 0 1 1 1 2 2 2 2 2 2 2 2 2 2 2 2 1 1 1 1 1 1 1 1 1 1 1 1 1 1 1 2 2 2 2 2 2 2 2 2 2 2 2 2 2 2 2 2 2 2 2 2 2 2 2 2 2 2 2 2 2 2 2 2 2 2 2 2 2 2 2 2 1 1 1 1 1 1 1 1 1 0 0 0 0 0 0
0 0 1 1 1 1 1 0 0 0 0 0 0 0 0 0 0 0 0 0 0 1 1 1 1 1 1 1 1 1 1 1 0 0 0 0 0 0 0 0 0 0 0 0 1 1 1 1 1 1 1 1 1 1 1 1 1 1 1 1 1 1 1 1 2 2 2 2 2 2 2 2 2 3 2 2 2 2 2 2 2 2 2 3 2 2 2 2 2 2 2 2 2 2 2 2 2 2 1 1 0
0 0 0 0 0 0 0 0 0 0 0 0 0 0 1 1 1 1 0 0 0 1 1 1 1 1 1 1 1 1 1 1 1 1 1 1 1 1 1 1 1 1 1 1 1 1 1 1 1 1 1 1 1 0 0 0 0 0 0 0 0 0 0 0 1 1 1 1 1 0 0 0 0 0 0 0 0 0 0 0 0 0 0 0 0 0 0 0 0 0 0 0 0 0 0 0 0 0 0 0 0
1 2 2 2 3 3 4 4 4 4 4 5 5 6 6 6 6 6 6 6 6 6 7 7 6 7 7 7 7 7 7 7 6 6 6 5 5 5 5 3 3 3 3 3 3 3 3 3 2 2 2 2 2 2 2 2 2 2 2 2 2 2 2 2 2 2 3 3 3 3 3 4 4 4 4 4 4 4 4 4 4 3 3 3 3 3 2 2 1 1 1 1 1 1 1 1 0 0 0 0 0
0 0 1 1 2 2 2 2 2 3 3 3 3 4 5 5 5 5 5 6 6 6 6 6 6 6 6 6 6 6 6 6 6 6 6 6 6 6 6 7 7 7 7 8 9 9 11 11 11 11 12 12 12 12 12 12 12 11 13 13 12 12 12 12 12 12 12 12 12 12 12 12 12 12 13 12 12 11 11 11 11 11 11 11 11 10 10 10 10 9 9 7 7 6 5 5 6 2 1 0 0
0 0 0 0 1 1 1 1 1 1 1 2 2 3 3 3 4 4 4 3 3 3 3 3 3 3 3 3 3 3 3 3 3 3 3 3 3 2 2 2 3 3 3 3 3 2 2 2 2 2 2 2 3 3 3 3 3 3 4 4 5 5 5 5 6 6 6 6 6 6 6 6 6 5 5 6 6 6 6 6 5 5 5 5 5 5 5 4 4 4 4 4 3 2 2 2 2 2 2 2 1
0 1 1 2 2 2 2 2 3 4 4 4 4 4 4 2 2 2 2 2 2 2 2 2 2 2 2 2 2 2 2 2 3 3 3 4 4 4 4 4 4 4 4 4 4 4 4 4 5 6 6 6 6 6 6 5 5 6 6 8 9 9 9 9 9 9 9 9 9 9 8 8 8 7 8 8 8 7 7 8 7 5 4 4 4 4 3 2 2 2 2 2 2 1 1 1 0 0 0 0 0
0 0 1 1 2 2 3 3 3 3 3 3 4 4 4 4 4 4 4 4 4 4 4 3 3 3 3 3 3 3 3 3 3 3 3 4 3 3 3 3 3 3 3 3 3 3 3 3 4 4 4 4 4 4 4 3 3 3 4 5 5 5 5 5 5 4 4 4 4 4 4 4 3 3 3 3 3 3 2 1 1 1 1 1 1 1 1 1 1 1 0 0 0 0 0 0 0 0 0 0 0
0 0 0 0 0 1 1 1 1 3 3 3 3 3 3 3 4 4 4 4 4 4 4 4 4 4 4 4 4 4 4 4 3 3 3 3 3 3 3 3 3 3 3 3 3 3 4 5 5 5 4 4 4 4 4 4 4 4 4 4 6 6 6 6 6 6 6 5 5 5 5 5 5 5 5 5 4 4 4 4 4 3 3 3 3 2 2 2 2 2 2 2 2 2 2 1 1 0 0 0 0
0 0 1 1 1 1 1 1 1 2 2 2 2 2 2 2 2 2 2 2 2 2 2 2 1 1 1 1 1 1 0 0 0 1 1 2 2 3 3 3 3 3 3 3 3 3 3 2 2 2 2 2 2 1 1 0 0 0 0 2 3 3 3 3 3 2 2 2 2 2 2 2 2 2 2 2 2 2 2 2 2 2 2 2 2 2 2 2 3 2 2 2 2 2 2 2 0 0 0 0 0
0 0 0 0 0 1 1 1 2 3 3 3 3 3 3 3 4 4 4 4 4 4 4 4 4 4 5 5 4 4 3 3 3 3 3 4 4 4 4 4 4 4 4 4 4 4 4 4 3 3 3 3 3 3 3 3 3 3 3 4 4 4 4 4 4 4 4 4 4 4 4 4 4 4 4 4 4 4 4 4 4 4 5 4 4 4 4 3 3 3 3 3 3 3 3 2 2 2 1 1 1
0 0 0 1 2 2 2 2 2 2 2 2 2 2 3 3 3 3 3 3 4 4 4 4 4 4 4 4 4 4 5 5 5 5 5 5 5 5 5 5 4 5 5 5 5 5 6 6 6 6 6 6 6 5 5 5 5 4 4 4 4 4 4 4 5 6 6 6 7 8 8 8 7 7 7 6 6 6 6 6 6 6 6 6 6 5 5 5 4 4 4 4 4 4 4 4 4 3 3 3 3
0 0 0 1 4 4 4 4 4 4 4 5 5 5 6 6 6 6 6 6 6 6 6 6 6 6 7 7 7 7 7 5 4 4 4 5 5 5 5 4 4 4 4 4 4 4 4 4 4 4 4 3 3 3 3 3 3 4 4 5 5 5 5 4 4 4 4 4 4 4 5 4 4 4 4 4 4 4 4 4 4 3 3 3 3 2 2 2 2 2 2 2 1 1 1 1 1 1 1 1 0
0 0 0 0 0 0 0 0 0 0 0 0 0 0 0 0 0 0 1 1 1 1 1 1 1 1 1 1 2 2 2 2 3 3 3 3 3 2 2 2 2 2 2 2 2 2 2 1 1 1 2 2 2 2 2 2 2 2 2 2 2 3 3 3 3 3 4 4 4 4 4 4 4 4 4 4 4 4 4 4 4 2 2 2 2 2 2 2 2 2 3 3 3 2 2 1 1 1 1 1 0
0 0 0 0 1 2 2 3 3 3 3 3 3 2 3 3 3 3 3 4 4 3 5 5 5 5 5 5 5 5 5 4 4 4 4 5 5 5 5 5 5 5 6 4 4 4 4 4 4 4 4 4 4 3 3 3 3 3 3 3 3 3 4 4 4 4 4 4 4 3 3 4 4 3 3 3 2 2 2 2 2 2 2 2 2 2 2 2 2 2 1 1 1 0 0 0 0 0 0 0 0
0 0 1 2 2 2 4 4 4 4 4 4 4 4 5 5 5 5 5 4 4 4 4 4 4 4 4 4 4 4 4 4 4 4 4 4 5 6 6 6 7 7 9 9 9 9 9 9 9 9 9 9 9 9 9 8 8 8 8 8 8 7 7 7 7 6 6 6 6 5 5 5 5 5 5 4 4 4 4 4 4 4 3 2 2 1 0 0 0 0 0 0 0 0 0 0 0 0 0 0 0
0 0 0 0 0 0 0 1 1 1 1 1 1 1 1 1 1 2 2 2 2 2 2 2 2 2 2 2 2 2 1 1 1 1 1 2 2 1 2 2 2 2 2 2 2 1 1 1 1 1 1 1 1 1 1 2 2 0 0 0 0 0 0 0 0 0 0 0 0 0 0 0 0 1 1 1 1 1 1 1 1 1 1 1 1 1 1 0 0 0 0 0 0 0 0 0 0 0 0 0 0
0 0 0 0 0 0 0 0 0 0 0 0 0 0 0 0 0 0 1 1 1 1 1 1 1 1 1 1 1 1 2 2 2 2 2 2 3 3 3 3 3 3 4 4 4 4 4 4 4 4 4 4 4 4 4 4 5 5 5 3 3 3 3 3 3 3 3 3 3 2 2 2 3 3 3 2 2 1 1 1 1 1 1 1 1 1 1 1 1 0 0 0 0 0 0 0 0 0 0 0 0
0 0 0 0 0 0 0 0 1 1 1 2 3 5 5 5 5 6 6 6 6 6 6 6 6 6 6 7 7 7 7 7 7 7 7 7 7 7 7 7 7 7 8 7 7 7 7 7 7 7 7 7 7 7 7 7 7 6 6 6 6 6 6 6 6 6 6 6 5 5 3 3 5 5 5 4 4 4 4 4 4 4 4 4 4 4 4 2 2 2 2 2 1 1 1 1 1 0 0 0 0
0 0 0 0 1 1 1 1 2 2 2 2 3 3 4 4 4 4 4 4 4 4 4 4 4 4 4 5 5 5 5 5 5 5 5 5 5 5 5 5 5 4 5 5 5 5 6 6 6 5 5 5 5 4 4 4 5 5 5 5 5 4 4 4 3 3 3 3 3 3 3 3 3 3 3 3 3 3 3 3 3 3 3 3 4 4 3 2 2 2 2 1 1 1 1 1 1 1 0 0 0
0 0 0 0 0 0 0 1 1 1 2 2 2 2 2 2 2 2 3 3 3 3 3 3 3 3 3 3 3 3 3 3 3 3 3 3 3 3 3 3 3 4 5 5 5 5 6 6 6 6 7 7 7 7 7 7 8 8 8 8 9 9 9 8 8 8 7 6 6 6 7 7 7 7 8 8 6 4 4 4 4 4 4 4 3 3 3 3 3 3 3 3 2 2 1 1 1 1 0 0 0
0 0 2 2 2 3 4 4 4 4 4 4 4 4 4 4 4 4 4 4 4 4 4 4 4 4 4 4 4 4 4 4 4 5 5 5 5 5 5 5 5 5 5 6 6 6 6 6 6 6 6 7 7 8 8 8 8 8 8 8 8 8 8 8 8 9 8 8 8 8 8 8 8 8 8 8 8 8 8 6 6 4 2 2 2 2 2 2 2 2 2 2 2 2 2 2 1 1 0 0 0
1 1 2 2 3 2 2 3 3 3 3 3 3 3 3 3 3 3 3 3 3 4 4 4 5 5 5 5 4 4 4 4 4 4 4 4 4 5 6 6 6 6 6 7 7 7 7 7 7 6 6 7 7 7 7 7 7 7 7 6 6 5 4 4 5 5 5 5 5 5 5 4 4 4 4 4 4 4 3 3 3 4 4 4 4 5 5 4 4 4 4 3 3 3 3 3 3 3 2 1 0
0 0 0 0 0 0 0 1 1 1 1 1 1 1 1 1 1 1 2 2 3 3 4 4 4 4 3 3 3 3 3 3 3 3 3 3 3 3 3 3 3 3 3 4 4 4 4 4 5 5 5 4 4 4 3 3 3 3 4 3 3 3 3 3 3 3 3 3 3 3 3 3 3 3 3 3 3 3 3 3 3 3 4 4 4 4 4 4 3 3 3 3 3 1 2 1 1 1 1 1 0
0 1 1 1 1 1 3 4 4 4 5 5 5 6 6 6 6 7 7 7 7 7 7 7 7 7 8 8 8 8 9 9 8 8 8 8 8 8 10 10 10 10 10 10 9 9 9 10 9 9 9 9 10 10 9 8 8 8 9 9 9 9 9 9 9 9 8 8 8 7 7 6 6 6 6 6 6 5 5 5 5 5 4 4 4 4 4 4 4 3 3 3 3 3 3 3 3 3 2 1 0
0 0 0 1 1 1 1 2 2 2 3 4 5 5 5 5 5 6 6 6 6 6 6 6 6 6 6 6 5 5 5 5 6 6 6 6 7 8 8 8 9 7 7 7 7 7 7 7 7 8 8 8 8 8 8 8 8 8 8 7 7 8 7 7 7 7 7 7 7 7 7 7 7 7 7 6 6 6 6 5 4 3 3 3 2 1 1 1 1 1 1 0 0 0 0 0 0 0 0 0 0
0 0 0 0 0 1 1 1 1 3 5 5 3 3 3 3 3 3 3 3 3 3 3 3 3 3 3 3 3 2 2 2 2 2 2 2 2 3 4 4 3 3 3 3 4 4 4 4 4 4 4 4 4 5 5 5 5 4 4 4 4 4 4 4 4 4 4 4 4 3 3 3 3 3 3 3 2 2 1 1 1 1 1 1 1 1 1 1 1 1 1 1 0 0 0 0 0 0 0 0 0
0 0 0 1 1 1 1 1 2 2 2 2 3 3 3 3 3 3 3 4 4 4 4 3 3 3 3 3 3 3 3 2 2 2 3 4 4 3 4 4 4 4 4 4 4 4 4 4 6 6 7 7 8 8 8 8 8 7 7 7 7 7 7 7 7 6 6 7 6 6 6 8 8 8 8 7 7 7 6 5 5 5 3 3 3 3 3 4 4 4 4 3 3 3 3 2 2 1 1 0 0
0 0 1 1 1 1 1 1 1 1 1 1 1 2 4 4 4 4 3 3 3 3 4 5 5 5 5 5 5 6 6 6 6 6 5 5 5 5 5 5 5 5 5 5 5 5 5 5 5 5 5 5 5 5 4 4 4 4 4 3 3 2 2 2 2 2 2 2 2 2 2 2 2 3 3 3 1 1 1 1 1 1 1 0 0 0 0 0 0 0 0 0 0 0 0 0 0 0 0 0 0
1 2 2 2 2 2 2 2 2 3 3 3 3 3 3 3 3 3 4 4 4 4 4 3 3 4 4 4 4 4 5 5 5 5 5 5 5 5 5 5 5 6 6 6 7 7 7 7 7 8 8 8 8 8 8 8 7 6 5 5 5 5 5 4 4 4 4 4 4 4 4 4 4 4 4 4 5 5 5 4 4 4 4 4 4 4 4 3 3 3 3 3 2 2 2 2 1 1 1 1 0
0 0 0 0 0 0 0 0 0 0 1 1 2 2 2 2 2 2 2 2 2 2 2 2 2 3 3 3 3 3 4 4 4 4 4 4 3 3 3 3 3 5 5 5 5 5 5 5 5 5 4 4 4 4 4 5 5 4 4 4 4 4 3 3 2 2 2 3 2 2 2 2 2 2 2 2 1 1 1 1 1 1 1 1 1 0 0 0 0 0 0 0 0 0 0 0 0 0 0 0 0
0 0 0 0 1 1 1 2 2 2 1 1 1 1 1 2 2 2 2 2 2 2 2 3 3 3 4 4 6 7 7 7 7 7 7 7 7 7 7 7 7 8 8 8 9 9 9 9 9 8 8 8 8 8 8 8 8 8 7 7 6 6 6 6 6 6 6 5 6 6 6 6 6 6 7 7 7 7 7 6 5 5 5 5 5 5 4 4 4 4 4 4 4 4 4 3 3 2 2 2 1
0 0 0 0 1 1 1 1 1 1 2 2 2 2 2 2 2 3 4 4 4 4 5 5 5 6 6 6 7 8 8 8 8 8 8 8 8 8 8 8 8 8 8 8 8 9 9 9 10 9 9 9 9 9 9 9 9 9 9 10 8 8 7 6 6 6 7 7 7 7 7 5 5 4 4 4 3 3 3 3 3 3 3 3 3 2 2 2 2 2 2 2 2 2 2 2 2 0 0 0 0
1 2 2 2 2 3 3 3 3 4 4 5 5 5 5 5 5 5 5 5 5 5 5 5 5 5 5 6 6 6 6 6 6 6 7 7 7 7 7 7 7 7 7 6 6 7 7 7 7 7 7 7 7 7 7 8 8 8 8 8 8 8 8 8 8 8 8 8 8 8 7 6 6 6 6 5 5 5 5 5 5 6 5 5 4 4 4 4 3 3 3 4 4 3 3 3 1 1 1 1 1
0 0 1 1 1 1 1 1 1 1 2 2 3 3 3 3 4 4 4 5 5 6 6 6 7 7 6 7 7 7 7 7 7 7 7 7 6 6 6 6 6 6 7 7 8 7 8 8 8 8 9 10 9 9 9 9 9 9 9 10 10 10 10 10 10 10 10 9 8 7 7 7 6 6 6 6 6 6 6 6 6 6 6 6 6 6 5 5 5 5 5 5 4 3 2 2 2 2 2 0 0
0 0 1 1 1 1 1 1 1 1 1 2 2 3 3 3 3 3 4 4 4 4 4 4 4 4 4 5 5 5 5 5 5 5 5 5 5 5 5 5 5 5 4 4 4 4 4 4 4 2 2 2 2 2 2 2 2 2 2 2 2 2 2 2 2 2 2 2 2 1 1 0 1 1 1 1 1 1 1 1 1 1 1 0 0 0 0 0 0 0 0 0 0 0 0 0 0 0 0 0 0
0 0 0 0 1 1 1 2 2 3 3 5 3 3 3 2 2 2 2 2 2 2 2 2 2 2 2 3 4 4 4 4 3 3 3 3 4 4 4 4 5 5 5 5 5 4 5 5 5 5 5 5 5 5 6 6 6 6 6 6 5 5 5 5 5 5 5 5 5 5 5 5 5 5 5 5 4 4 4 4 4 4 4 4 4 4 4 4 4 3 3 2 2 2 2 2 2 2 1 0 0
0 0 0 0 0 0 0 1 1 1 1 1 2 2 2 2 2 2 5 5 6 6 6 6 6 6 7 7 8 8 7 7 7 7 7 7 7 7 7 8 8 8 8 8 7 7 7 7 7 7 7 7 7 7 6 6 6 7 7 7 7 7 6 5 5 5 6 6 5 4 4 4 4 4 4 4 4 5 5 5 5 5 5 5 5 4 4 4 3 4 4 4 4 2 2 1 1 1 1 0 0
0 0 0 0 1 2 2 2 2 2 2 2 2 2 3 3 3 3 3 3 3 3 3 3 3 3 4 4 4 4 4 4 5 5 5 6 6 6 6 6 6 6 6 6 6 6 6 6 6 6 6 6 6 6 6 6 6 6 6 5 5 4 4 4 4 4 4 3 3 3 3 3 3 4 5 5 5 5 4 4 4 4 4 4 4 4 4 4 4 4 4 4 3 3 2 2 2 1 1 1 0
0 0 0 0 0 0 0 0 0 1 2 2 2 2 3 3 3 3 3 3 3 3 3 3 3 3 3 3 3 3 3 3 3 3 3 4 4 4 4 4 4 4 4 4 3 3 3 3 3 3 3 3 3 3 4 4 5 5 5 5 5 5 5 5 5 5 5 5 5 5 5 5 5 5 5 5 5 5 5 5 5 4 4 4 4 4 3 3 3 2 2 2 2 1 1 0 0 0 0 0 0
1 1 1 2 2 3 3 3 3 3 3 3 3 3 3 3 3 4 5 5 5 5 5 5 5 5 5 6 6 6 6 6 6 6 6 6 6 6 6 6 6 6 6 6 6 6 6 6 5 5 5 5 5 5 5 5 5 5 5 5 5 5 5 5 5 5 5 5 5 5 5 4 3 3 3 3 3 3 3 3 3 3 3 3 3 3 2 2 2 2 2 2 1 1 1 1 1 1 1 1 0
0 1 1 1 1 1 1 1 1 1 2 2 2 2 2 4 4 4 4 4 5 5 5 6 5 5 5 5 5 5 5 5 5 6 6 6 6 6 6 6 6 6 7 7 8 8 8 8 8 7 7 9 9 9 9 9 8 7 7 7 9 7 7 7 7 6 6 6 5 5 5 5 4 4 4 4 4 4 4 4 4 4 4 4 4 4 4 4 4 4 4 4 3 3 3 3 3 3 3 3 2
0 1 1 1 1 1 1 2 2 2 2 2 2 2 2 2 2 2 2 2 2 2 2 2 3 3 4 4 4 3 3 3 5 5 5 5 5 5 5 5 5 5 5 5 4 4 4 4 4 4 4 4 4 4 4 4 4 4 3 3 3 3 3 3 3 3 3 3 3 3 3 3 4 4 4 4 4 4 4 4 4 3 3 3 3 3 2 2 2 2 2 2 1 0 0 0 0 0 0 0 0
1 1 1 1 1 1 1 1 1 2 2 2 3 4 4 4 4 4 5 6 6 6 6 6 6 6 6 6 7 7 7 7 7 7 7 7 7 7 9 10 10 10 10 10 10 10 11 11 11 11 11 11 11 11 11 10 10 10 11 11 11 10 9 9 9 9 9 9 9 9 8 8 7 6 6 6 6 6 6 6 6 6 6 4 4 4 4 4 5 5 5 4 4 3 3 2 1 1 1 1 1
0 0 2 2 2 2 3 3 3 3 3 3 4 3 3 2 2 2 2 2 2 3 3 3 3 3 3 4 4 4 4 4 4 5 5 5 5 6 6 5 4 4 3 3 3 4 4 4 4 4 4 4 4 4 4 4 4 4 5 5 3 3 3 2 2 2 2 2 2 2 3 3 3 3 3 3 3 2 2 2 2 2 1 1 1 1 1 1 1 1 1 1 1 1 1 1 1 0 0 0 0
0 0 0 0 0 0 0 1 1 2 3 3 3 3 4 6 7 7 7 7 8 8 8 8 8 8 8 7 7 7 7 7 7 7 7 5 4 4 4 4 4 4 4 4 3 4 4 4 4 4 4 4 4 4 4 4 4 4 4 4 3 3 3 3 3 3 3 2 2 2 2 2 3 3 3 3 3 3 4 4 4 4 5 5 5 5 5 4 4 3 3 3 2 2 2 1 1 0 0 0 0
0 0 0 0 0 0 0 0 0 1 1 2 2 2 2 2 2 2 2 3 3 3 4 4 4 4 4 4 4 4 4 5 5 5 5 5 5 5 5 5 5 5 5 6 6 6 6 6 6 6 7 7 7 7 7 6 6 6 6 4 4 4 4 5 5 5 5 5 5 5 5 5 5 5 4 5 5 5 5 5 5 5 5 5 4 4 3 3 2 2 2 2 2 2 2 2 2 1 0 0 0
0 0 0 0 0 0 0 2 2 2 2 2 2 2 2 2 2 2 2 1 1 1 2 2 3 3 3 3 3 3 4 4 5 5 5 5 5 5 5 5 5 4 4 4 3 3 3 3 3 3 3 3 3 3 3 3 3 3 3 3 3 3 3 4 4 4 4 4 4 3 2 2 2 2 2 2 2 2 2 2 2 2 2 2 2 1 1 1 2 1 1 1 1 1 1 1 1 1 1 0 0
0 0 0 0 0 0 0 0 0 0 0 0 0 0 1 1 2 2 2 2 3 3 4 4 4 4 4 4 4 3 3 3 3 3 3 3 3 3 3 3 4 4 3 3 3 3 3 3 3 4 5 5 5 5 5 4 4 4 4 4 4 4 4 3 3 3 4 4 4 4 3 3 2 2 2 2 2 2 2 2 2 2 1 1 1 1 1 1 1 1 1 1 1 1 1 1 0 0 0 0 0
2 0 0 0 1 1 1 1 1 1 1 1 1 1 1 1 1 1 2 2 3 3 3 3 4 5 5 5 5 4 4 4 4 3 3 3 3 3 3 3 3 4 4 4 3 3 3 4 5 5 5 5 5 5 5 5 5 5 5 5 5 5 5 5 5 5 5 5 5 5 4 4 4 4 4 4 3 3 2 2 2 2 2 2 2 2 2 1 1 1 1 0 0 0 0 0 0 0 0 0 0
0 0 1 1 1 1 1 1 3 3 3 3 3 3 3 3 3 2 2 3 3 3 3 3 3 3 4 4 4 4 4 3 3 3 3 3 3 3 4 4 4 4 4 4 4 4 4 4 4 3 3 3 3 3 3 3 3 3 3 3 3 3 3 4 4 4 4 4 4 4 4 4 4 3 2 2 2 2 1 1 1 1 1 1 1 1 1 1 1 0 0 0 0 0 0 0 0 0 0 0 0
1 1 1 1 2 2 2 2 2 2 2 2 2 2 3 3 3 3 4 5 5 5 5 5 5 5 4 4 4 4 4 4 4 4 5 5 5 6 7 7 7 7 7 8 8 7 7 7 7 7 7 7 6 6 6 5 6 6 6 5 5 5 5 5 5 5 5 5 5 5 5 4 4 4 4 4 3 3 3 3 3 3 3 3 3 3 3 3 3 3 3 3 3 3 3 3 5 2 1 1 0
0 0 2 2 2 2 2 2 2 2 2 3 3 4 4 4 5 5 5 5 5 6 6 6 8 6 7 7 7 7 7 7 7 7 7 6 6 5 4 4 4 5 5 5 5 5 6 6 6 6 6 6 6 6 6 6 5 5 5 5 5 5 5 5 5 5 5 5 5 5 5 5 5 5 5 3 4 4 3 3 3 4 4 4 4 4 4 4 4 3 4 4 3 2 1 1 1 1 0 0 0
0 0 0 0 0 1 1 1 1 1 1 2 2 2 2 2 2 2 3 3 3 3 3 3 4 5 5 6 7 7 7 7 7 7 7 7 7 7 7 7 7 7 7 7 7 7 7 7 7 7 7 7 7 6 6 6 6 7 7 7 7 9 9 9 9 8 8 9 9 9 9 9 9 9 9 9 9 9 9 9 8 8 6 6 5 5 5 5 5 5 5 5 4 3 2 2 1 0 0 0 0
0 1 1 1 1 1 1 2 2 2 2 3 3 4 4 4 4 4 6 6 6 6 7 7 7 7 7 6 6 6 6 6 6 6 6 5 5 5 6 6 6 6 6 7 7 7 7 8 8 8 8 7 5 5 4 4 4 4 4 4 4 4 4 4 4 3 3 3 3 3 3 3 3 3 3 3 3 2 2 2 2 2 2 2 1 1 1 1 0 0 0 0 0 0 0 0 0 0 0 0 0
0 0 0 0 0 0 0 0 0 0 0 0 0 0 0 0 1 2 2 2 2 2 2 2 2 2 2 2 3 3 3 3 3 4 4 4 4 4 4 5 5 6 6 6 6 6 6 6 6 6 6 6 6 6 6 6 6 6 6 6 5 5 5 5 5 4 4 5 5 5 5 5 3 4 4 4 3 3 3 3 3 4 3 3 3 3 3 3 3 3 3 3 3 2 2 2 2 2 1 1 0
0 0 0 0 0 0 0 1 2 2 3 3 3 3 3 3 3 3 4 5 6 6 6 6 6 6 6 6 6 6 6 5 5 5 5 5 5 5 5 5 5 5 5 5 5 5 5 6 6 6 5 5 4 4 4 4 4 4 4 4 4 3 3 3 3 3 3 3 3 3 3 2 2 2 2 3 3 3 3 3 3 3 3 3 3 3 3 3 3 2 2 2 2 2 2 2 2 0 0 0 0
0 0 1 1 2 2 2 2 2 4 4 3 3 4 4 4 4 4 4 6 7 7 7 7 7 7 7 6 6 6 6 6 6 6 7 6 6 5 5 5 5 5 5 5 5 5 5 5 5 5 5 5 5 5 5 6 6 6 5 5 5 4 4 4 4 4 4 4 4 4 4 4 6 4 4 4 4 4 4 4 4 4 4 4 4 4 4 4 4 4 3 3 3 3 3 3 3 3 1 1 1
0 0 0 0 0 0 0 0 0 0 1 1 1 1 2 2 2 2 2 3 3 4 4 4 4 4 4 4 4 4 4 4 4 4 4 4 5 5 5 5 5 5 6 6 6 6 6 6 6 7 7 7 7 7 7 7 8 8 8 9 9 9 9 8 8 8 8 8 7 7 7 7 6 6 6 6 6 6 6 6 6 6 6 6 5 4 4 4 4 3 3 3 3 3 3 3 3 2 2 2 0
0 0 0 0 0 1 1 1 1 2 2 2 1 1 2 2 2 2 2 2 2 2 2 2 2 2 2 2 2 2 2 2 2 2 2 2 3 3 3 4 4 3 3 3 3 3 3 3 3 3 3 3 3 4 4 5 5 5 5 5 5 4 5 5 5 5 4 4 4 4 4 4 4 4 4 4 3 3 3 3 3 3 3 3 2 2 2 2 2 2 2 2 2 2 2 2 2 1 1 1 1
1 1 2 3 4 4 4 4 5 6 6 6 6 6 6 6 6 6 6 6 6 6 6 6 6 6 5 5 5 5 6 6 6 6 6 6 6 6 4 4 4 4 5 5 6 6 6 7 7 7 7 7 7 7 7 6 6 6 6 6 6 6 7 8 8 8 8 8 8 8 8 7 8 8 8 8 8 7 7 7 7 4 3 3 3 3 2 1 1 1 1 1 1 0 0 0 0 0 0 0 0
1 1 1 2 2 3 3 3 3 3 3 3 4 5 5 5 5 5 6 7 7 7 7 7 7 7 8 8 8 9 11 11 11 11 12 12 12 11 12 12 12 12 12 12 12 12 11 11 11 12 12 11 11 11 11 12 12 11 10 10 11 11 11 11 11 11 11 11 11 11 10 10 10 8 7 7 7 7 7 7 6 6 5 5 5 4 4 4 3 3 2 2 2 2 1 1 1 1 1 1 0
0 0 0 1 1 2 2 2 3 3 4 3 3 3 3 3 4 4 4 4 4 4 4 4 4 4 4 3 3 3 3 4 4 4 4 4 3 3 3 4 5 5 5 5 6 6 6 5 5 6 6 6 6 6 5 5 5 5 5 4 4 4 5 5 5 5 5 5 5 5 5 5 5 5 5 5 5 5 5 5 5 6 6 5 5 5 5 4 4 4 3 3 3 3 3 2 2 1 1 0 0
1 1 1 1 2 2 2 3 3 3 3 3 3 4 4 4 4 4 4 4 4 4 4 4 4 4 4 4 4 4 4 4 4 4 4 4 4 4 5 5 5 5 5 5 5 5 6 6 6 6 6 7 7 7 7 7 6 6 6 6 6 6 6 6 7 7 7 7 7 7 6 6 6 6 6 6 6 6 5 4 4 4 4 4 4 4 4 4 4 4 3 3 3 3 3 2 2 1 1 1 1
0 0 0 0 0 0 0 0 0 0 0 0 0 0 0 0 0 0 0 0 0 0 1 1 1 2 3 3 3 4 4 4 4 4 4 4 4 4 4 4 4 4 3 3 3 3 3 3 3 4 4 4 4 4 4 4 4 4 4 4 4 4 4 4 4 4 4 4 4 4 4 4 4 4 4 4 4 4 3 3 3 2 2 2 2 2 2 2 3 2 1 1 1 1 1 1 1 1 1 0 0
0 0 0 0 1 1 1 1 1 1 1 1 1 1 2 2 2 3 3 4 4 4 4 4 4 4 4 5 5 5 5 5 5 5 5 5 5 5 5 5 5 5 5 5 5 5 5 5 5 5 5 6 6 6 6 6 6 6 6 7 7 7 7 7 5 5 5 5 5 5 5 5 5 5 5 5 5 5 5 5 5 5 4 4 3 3 3 3 3 2 2 2 2 2 1 1 1 1 1 1 1
0 0 0 0 0 0 0 0 1 1 1 1 1 2 2 2 2 2 2 2 2 2 2 2 2 2 2 2 1 1 1 1 1 1 2 2 2 2 2 2 2 2 2 2 2 3 3 3 3 3 3 3 3 2 2 2 2 1 1 1 1 1 1 1 2 2 2 2 2 1 1 2 2 2 2 2 2 2 2 2 2 2 2 2 2 2 3 3 3 2 2 2 2 2 1 1 1 0 0 0 0
0 0 0 0 0 0 0 0 0 0 0 0 0 1 2 2 2 2 2 3 4 4 4 4 4 4 4 4 3 3 3 3 3 3 3 3 4 4 4 5 4 4 4 4 4 4 4 4 4 4 4 4 4 4 3 3 3 3 3 3 3 3 3 3 3 3 2 2 2 2 3 3 3 3 3 2 2 2 2 2 2 2 2 2 2 2 3 3 3 2 2 2 1 1 1 0 0 0 0 0 0
1 1 1 1 2 2 3 3 3 3 3 3 3 3 3 4 4 4 4 4 5 5 5 7 7 7 8 8 8 8 9 9 8 8 8 8 8 8 8 8 8 7 7 7 7 7 8 8 8 8 8 8 8 9 9 9 9 9 9 9 8 8 8 7 7 7 7 7 7 7 7 7 7 7 7 7 6 6 6 6 6 6 6 5 5 5 5 4 3 3 3 3 2 2 2 2 2 2 2 2 1
0 0 1 1 1 1 2 3 4 4 5 5 4 4 4 4 4 4 4 4 4 4 4 4 4 4 4 5 5 6 6 6 6 6 6 6 6 6 6 6 6 6 6 6 6 5 4 3 3 3 4 4 3 3 3 3 4 4 4 4 4 3 3 3 3 3 2 2 2 2 3 3 4 4 4 4 4 4 4 4 2 2 2 1 1 1 1 1 1 1 1 1 1 1 1 1 1 1 1 1 0
1 1 2 2 2 2 2 2 2 2 3 3 3 3 3 3 3 3 3 3 4 3 3 3 3 3 3 4 4 3 3 4 4 4 5 6 6 6 6 6 4 4 5 5 5 5 5 5 5 4 4 4 4 4 4 4 4 4 4 3 3 3 3 3 3 4 4 5 5 3 4 4 4 4 4 4 4 4 4 4 3 3 2 2 2 2 2 2 2 1 1 1 1 1 1 1 1 0 0 0 0
0 0 0 0 0 0 0 0 1 1 1 1 1 1 1 1 1 1 1 2 2 2 3 4 4 4 4 4 3 3 4 4 4 4 5 5 5 5 6 5 5 5 5 5 5 5 5 5 5 5 5 5 5 5 5 5 5 5 5 4 6 4 4 4 4 4 4 4 4 5 5 5 5 5 5 5 6 5 5 5 5 5 5 5 4 4 3 3 3 3 3 2 2 2 2 1 1 1 1 1 1
0 0 0 0 0 0 0 1 1 1 1 2 2 2 2 2 2 2 2 2 2 2 2 3 4 4 4 4 4 4 4 4 4 4 4 4 4 4 4 4 4 5 5 5 5 5 5 4 4 6 7 7 8 7 8 8 8 8 8 7 7 7 7 7 7 6 7 7 6 5 6 6 6 6 6 6 4 4 4 4 4 3 3 3 3 3 2 2 2 2 2 2 2 2 1 1 1 1 0 0 0
0 0 0 0 0 0 0 0 0 0 0 0 0 0 0 0 1 1 1 1 2 2 2 2 2 2 2 2 2 2 2 2 2 2 1 1 2 2 2 3 3 3 3 3 3 3 3 4 4 4 4 4 4 4 4 5 5 5 5 5 6 6 6 5 5 5 4 4 3 3 3 3 3 3 2 2 2 2 2 2 2 2 2 2 2 1 1 1 1 1 1 1 1 1 1 1 0 0 0 0 0
0 0 0 0 0 0 0 0 0 0 1 1 1 1 1 1 1 1 1 1 1 1 1 1 2 2 2 2 3 3 3 3 3 3 3 3 3 3 3 3 3 3 5 5 5 5 5 5 4 4 4 4 4 4 4 4 4 3 3 3 3 3 3 3 3 3 3 3 3 3 3 3 3 3 3 3 3 3 3 3 3 3 2 2 2 2 2 1 1 0 0 0 0 0 0 0 0 0 0 0 0
0 0 0 0 0 0 0 0 0 0 2 4 4 4 4 4 5 5 5 5 6 7 7 6 7 7 8 9 9 9 9 10 10 9 9 9 9 9 9 9 9 8 8 8 8 8 8 7 7 7 7 7 7 7 7 7 7 7 7 8 9 9 9 9 9 9 9 9 9 9 9 9 9 8 7 7 7 7 7 6 5 4 3 2 2 2 2 2 2 2 2 2 2 1 1 1 1 1 1 1 1
0 0 0 0 0 1 1 1 1 1 1 1 1 1 1 1 1 1 1 1 1 1 1 1 1 1 1 1 1 1 1 2 3 3 3 3 3 3 3 4 4 4 5 5 5 5 5 5 5 4 4 5 5 5 5 5 5 5 4 4 4 4 4 4 4 4 4 4 4 4 3 3 3 3 4 4 4 4 4 4 4 4 3 3 2 1 1 1 1 1 1 1 1 1 1 1 1 1 1 1 1
0 0 0 0 0 0 0 0 0 0 0 0 0 0 0 0 0 0 0 0 0 0 0 0 0 0 0 0 0 0 0 0 0 0 0 0 0 0 0 0 0 0 0 0 0 0 0 0 0 0 0 0 0 0 0 0 0 0 0 0 0 0 0 0 0 0 0 0 0 0 0 0 0 0 0 0 0 0 0 0 0 0 0 0 0 0 0 0 0 0 0 0 0 0 0 0 0 0 0 0 0
52 75 31 75 31 13 
70 50 100 50 100 58 
18 90 46 90 46 94 
81 10 60 10 60 9 
66 28 93 28 93 24 
7 31 7 1 
3 47 100 47 100 43 
44 70 79 70 79 75 
23 92 62 92 62 89 
73 0 83 0 
61 28 93 28 93 29 
68 58 19 58 19 62 
95 30 84 30 84 38 
29 44 12 44 12 40 
47 87 31 87 31 82 
46 0 67 0 67 4 
46 90 3 90 3 64 
60 9 44 9 44 14 
43 42 0 42 0 97 
1 11 19 11 19 29 
77 11 89 11 89 64 
30 85 27 85 27 75 
39 6 83 6 83 81 
68 45 89 45 89 96 
6 46 13 46 13 97 
76 91 28 91 28 52 
44 56 52 56 52 83 
2 42 5 42 5 14 
75 51 72 51 72 38 
91 13 93 13 93 27 
20 86 23 86 23 71 
93 6 9 6 9 45 
98 42 2 42 2 47 
79 97 78 97 78 81 
99 16 16 16 16 22 
28 96 0 96 
15 70 30 70 30 66 
61 18 3 18 3 43 
47 94 71 94 71 99 
75 0 63 0 63 97 
28 88 23 88 23 46 
5 82 3 82 3 35 
19 29 82 29 82 9 
48 85 17 85 17 99 
28 2 14 2 14 90 
71 88 83 88 83 32 
53 55 82 55 82 30 
3 84 92 84 92 32 
82 10 22 10 22 67 
48 76 9 76 9 38 
30 59 60 59 60 80 
60 11 87 11 
38 72 5 72 5 62 
80 30 50 30 50 19 
22 98 6 98 6 95 
61 66 42 66 42 92 
4 23 6 23 6 65 
100 42 96 42 96 73 
50 5 39 5 39 11 
45 95 66 95 66 65 
16 8 74 8 74 7 
35 14 68 14 68 74 
2 43 46 43 46 87 
61 61 25 61 25 12 
24 85 74 85 74 45 
3 68 78 68 78 100 
6 1 100 1 100 4 
2 97 49 97 49 77 
13 27 77 27 77 16 
44 67 93 67 93 10 
67 54 57 54 57 0 
21 47 15 47 15 17 
91 14 91 38 
61 62 83 62 83 18 
7 95 12 95 12 43 
5 15 53 15 53 75 
79 16 15 16 15 99 
25 73 91 73 91 44 
99 26 19 26 19 92 
59 18 36 18 36 68 
76 93 1 93 1 46 
18 40 75 40 75 25 
76 97 42 97 42 90 
99 72 70 72 70 69 
88 88 10 88 10 22 
77 61 62 61 62 96 
31 77 29 77 29 59 
11 44 12 44 12 5 
11 17 78 17 78 60 
72 81 13 81 13 49 
62 96 1 96 1 26 
31 71 18 71 18 2 
83 43 71 43 71 9 
92 0 24 0 24 40 
5 64 46 64 46 26 
55 59 64 59 64 28 
33 46 28 46 28 33 
85 56 85 34 
7 75 12 75 12 45 
46 48 62 48 62 7 
15 52 11 52 11 66 
97 33 97 20 
37 28 52 28 52 46 
82 21 82 46 
37 90 56 90 56 94 
99 20 97 20 97 100 
4 73 88 73 88 62 
37 32 5 32 5 36 
83 5 39 5 39 11 
44 42 25 42 25 76 
85 72 81 72 81 13 
46 60 97 60 97 24 
96 58 15 58 15 49 
61 89 93 89 93 98 
30 3 44 3 44 14 
13 81 30 81 30 69 
24 15 99 15 99 29 
84 79 76 79 76 92 
56 10 27 10 27 59 
49 40 45 40 45 12 
63 35 63 94 
21 94 14 94 14 18 
82 84 85 84 85 47 
37 92 97 92 97 66 
10 17 26 17 26 12 
36 14 29 14 29 80 
76 36 65 36 65 26 
91 91 74 91 74 86 
11 12 10 12 10 61 
40 73 27 73 27 86 
83 40 18 40 18 39 
76 24 36 24 
55 7 11 7 11 9 
71 98 67 98 67 88 
66 7 4 7 4 92 
51 67 5 67 5 38 
97 62 50 62 50 47 
92 100 11 100 11 94 
26 14 57 14 57 17 
73 75 62 75 62 48 
30 59 27 59 27 79 
3 9 9 9 9 66 
96 54 100 54 100 64 
71 24 46 24 46 40 
44 75 94 75 94 74 
57 92 20 92 20 91 
3 42 63 42 63 87 
84 2 30 2 30 37 
76 13 64 13 64 34 
32 31 32 9 
17 98 16 98 16 1 
64 85 81 85 81 79 
58 51 51 51 51 98 
15 0 15 92 
84 3 78 3 78 54 
29 36 31 36 31 4 
69 15 30 15 30 43 
75 96 96 96 
53 91 48 91 48 18 
72 54 73 54 73 16 
27 87 22 87 22 1 
90 93 94 93 94 64 
1 88 3 88 3 31 
21 100 42 100 42 38 
89 14 96 14 96 83 
34 100 59 100 59 26 
76 51 29 51 29 21 
82 36 17 36 17 99 
93 10 46 10 46 46 
27 80 36 80 36 4 
99 46 80 46 80 11 
2 79 4 79 4 23 
14 19 71 19 71 73 
95 19 36 19 36 48 
58 68 86 68 86 21 
66 26 10 26 10 85 
33 37 87 37 87 54 
15 89 100 89 100 86 
96 24 56 24 56 85 
33 95 92 95 92 59 
82 56 28 56 28 62 
75 25 10 25 10 18 
67 95 11 95 11 88 
7 45 39 45 39 18 
7 73 50 73 50 11 
11 38 62 38 62 19 
50 75 9 75 9 77 
23 62 61 62 61 86 
29 18 17 18 17 16 
53 1 60 1 60 56 
85 29 93 29 93 36 
27 38 20 38 20 11 
93 70 86 70 86 82 
49 44 8 44 8 83 
45 78 61 78 61 43 
95 100 93 100 93 38 
5 41 10 41 10 81 
88 80 21 80 21 49 
74 30 6 30 6 8 
81 72 20 72 
8 88 26 88 
41 56 9 56 9 58 
14 16 46 16 46 3 
30 80 91 80 91 74 
19 62 70 62 70 45 
25 6 68 6 68 2 
57 74 2 74 2 45 
32 75 47 75 47 60 
94 27 12 27 12 28 
93 7 54 7 54 11 
13 29 95 29 95 48 
33 95 70 95 70 88 
77 25 35 25 35 93 
50 75 79 75 79 38 
32 84 94 84 94 60 
71 7 44 7 
51 64 25 64 25 34 
58 44 26 44 26 92 
56 25 22 25 22 84 
39 37 84 37 84 64 
54 63 55 63 55 41 
84 47 77 47 77 80 
21 57 31 57 31 19 
96 49 75 49 75 75 
18 24 8 24 8 18 
27 66 25 66 25 85 
22 66 33 66 33 26 
65 100 66 100 66 44 
81 4 82 4 82 36 
88 25 11 25 11 41 
90 86 18 86 18 96 
99 73 40 73 40 24 
50 28 63 28 63 9 
7 80 48 80 48 73 
5 25 14 25 14 32 
78 11 100 11 100 51 
18 87 28 87 28 72 
31 35 74 35 74 64 
79 41 60 41 60 71 
19 62 23 62 23 89 
38 7 96 7 96 20 
77 81 2 81 2 67 
38 22 82 22 82 42 
43 85 53 85 53 84 
38 14 29 14 29 75 
78 1 91 1 91 34 
42 13 38 13 38 74 
84 0 98 0 98 25 
1 22 13 22 13 48 
69 88 64 88 64 78 
6 59 36 59 36 17 
91 19 91 65 
22 90 95 90 95 14 
57 29 30 29 30 11 
56 66 7 66 7 72 
3 78 57 78 57 43 
84 76 60 76 60 8 
14 48 16 48 16 73 
11 48 80 48 80 97 
85 12 28 12 28 30 
84 72 62 72 62 81 
75 58 35 58 35 4 
65 60 99 60 
13 33 96 33 96 37 
16 79 88 79 88 86 
6 17 42 17 42 20 
35 69 16 69 16 84 
49 17 81 17 81 27 
54 61 84 61 84 55 
92 23 47 23 47 31 
51 87 32 87 32 90 
39 36 8 36 8 74 
99 81 94 81 94 10 
86 89 56 89 56 10 
46 86 59 86 59 4 
89 81 85 81 85 51 
28 56 58 56 58 13 
13 65 65 65 65 88 
68 12 63 12 63 2 
3 91 83 91 83 26 
78 43 34 43 34 51 
15 77 2 77 
68 6 54 6 54 14 
36 70 89 70 89 99 
38 5 93 5 93 12 
38 42 72 42 72 68 
95 90 18 90 18 76 
68 28 91 28 91 12 
51 71 16 71 16 81 
31 6 73 6 73 22 
14 59 52 59 52 77 
58 25 69 25 69 24 
1 10 68 10 68 9 
71 43 22 43 22 30 
76 81 15 81 15 92 
25 97 98 97 98 64 
56 4 68 4 68 96 
12 75 0 75 0 5 
56 59 65 59 65 45 
21 0 9 0 9 20 
21 70 17 70 17 80 
89 4 90 4 90 63 
29 100 70 100 70 60 
7 0 25 0 25 81 
83 83 77 83 77 55 
60 21 60 97 
32 47 48 47 48 94 
85 59 84 59 84 49 
64 78 40 78 40 18 
19 49 42 49 42 76 
87 69 84 69 84 46 
18 36 36 36 36 71 
85 81 96 81 96 60 
63 80 1 80 1 9 
37 80 71 80 71 50 
41 72 34 72 34 88 
51 22 19 22 19 12 
93 56 79 56 79 65 
51 52 37 52 37 77 
94 48 86 48 86 2 
48 88 43 88 43 26 
67 38 63 38 63 60 
13 36 19 36 19 80 
96 68 88 68 88 52 
43 48 39 48 39 27 
72 22 85 22 85 69 
21 46 23 46 23 65 
92 20 31 20 31 62 
36 84 84 84 84 59 
86 5 22 5 22 10 
7 57 84 57 84 8 
98 81 73 81 73 24 
22 17 27 17 27 39 
41 30 84 30 84 74 
44 7 34 7 34 66 
77 92 88 92 88 18 
53 25 51 25 51 49 
85 18 76 18 76 35 
2 37 16 37 16 12 
69 86 67 86 67 76 
58 93 23 93 23 50 
41 76 60 76 60 36 
81 34 53 34 53 57 
65 71 35 71 35 23 
16 83 33 83 33 11 
82 14 73 14 73 96 
15 75 37 75 37 2 
86 98 82 98 82 39 
42 56 67 56 67 12 
54 12 58 12 58 35 
39 85 35 85 35 75 
74 48 71 48 71 38 
6 75 14 75 14 47 
92 15 99 15 99 99 
4 7 36 7 36 57 
62 32 74 32 74 58 
22 38 29 38 29 73 
30 9 51 9 51 76 
39 74 67 74 67 42 
81 26 17 26 17 2 
55 74 23 74 23 79 
56 96 34 96 34 48 
78 38 55 38 55 87 
60 20 94 20 94 4 
35 65 88 65 88 71 
21 7 63 7 63 48 
1 100 63 100 63 5 
9 27 28 27 28 69 
74 16 84 16 84 2 
96 50 82 50 82 52 
21 33 60 33 60 81 
3 82 85 82 85 11 
79 92 52 92 52 67 
17 17 92 17 92 11 
63 85 54 85 54 54 
13 53 3 53 3 91 
97 65 90 65 90 39 
55 44 57 44 57 85 
18 2 29 2 29 92 
84 42 97 42 97 80 
46 97 48 97 48 38 
80 60 71 60 71 8 
6 39 18 39 18 24 
23 87 5 87 5 0 
71 8 82 8 82 18 
68 70 68 81 
94 70 44 70 44 88 
95 27 12 27 12 23 
3 26 38 26 38 41 
3 85 89 85 89 97 
57 36 31 36 31 0 
22 92 58 92 58 68 
47 25 9 25 9 22 
67 82 38 82 38 18 
94 34 35 34 35 39 
40 55 90 55 90 56 
52 75 96 75 96 73 
11 11 44 11 44 6 
9 42 86 42 86 9 
96 11 6 11 6 52 
39 2 46 2 46 60 
69 20 72 20 72 34 
17 85 21 85 21 14 
99 60 91 60 91 78 
20 66 70 66 70 22 
68 27 11 27 11 38 
94 68 19 68 19 67 
17 92 72 92 72 100 
78 7 52 7 52 76 
70 11 8 11 8 58 
2 100 68 100 68 46 
30 54 80 54 80 35 
39 3 20 3 20 82 
93 60 85 60 85 27 
55 94 65 94 65 29 
18 14 7 14 7 74 
85 30 25 30 25 99 
46 70 40 70 40 51 
65 15 64 15 64 55 
79 64 80 64 80 33 
6 43 14 43 14 12 
70 9 91 9 91 54 
5 61 16 61 16 100 
51 98 51 48 
67 61 69 61 69 46 
13 18 23 18 23 44 
8 42 70 42 70 27 
80 75 55 75 55 78 
19 73 34 73 34 57 
78 22 88 22 88 83 
59 48 93 48 93 2 
61 26 51 26 51 92 
28 44 25 44 25 96 
47 94 33 94 33 7 
13 24 39 24 39 56 
51 50 11 50 11 74 
53 62 50 62 50 9 
81 97 75 97 75 20 
21 77 7 77 7 65 
60 98 55 98 55 28 
35 30 28 30 28 96 
92 86 55 86 55 30 
40 17 33 17 33 56 
90 45 75 45 75 68 
43 8 13 8 13 86 
72 62 3 62 3 50 
49 3 96 3 96 13 
28 98 78 98 78 46 
19 87 46 87 46 69 
94 20 64 20 64 10 
21 53 78 53 78 21 
15 10 80 10 80 54 
60 54 32 54 32 88 
52 23 90 23 90 33 
29 75 97 75 97 92 
58 16 56 16 56 91 
35 41 27 41 27 56 
85 60 78 60 78 89 
92 87 63 87 63 46 
79 17 63 17 63 75 
11 14 21 14 21 56 
55 15 0 15 0 48 
20 58 45 58 45 31 
77 52 31 52 31 5 
17 58 67 58 67 65 
25 31 6 31 6 21 
65 15 71 15 71 23 
34 86 5 86 5 82 
51 56 27 56 27 48 
12 27 96 27 
88 98 10 98 10 88 
50 9 30 9 30 11 
70 31 83 31 83 83 
35 64 27 64 27 100 
94 31 50 31 50 96 
100 51 10 51 10 57 
46 27 28 27 28 21 
5 81 81 81 81 89 
75 37 34 37 34 99 
62 73 0 73 0 91 
33 23 64 23 64 9 
40 29 17 29 17 7 
46 85 14 85 14 98 
56 29 11 29 11 75 
57 69 74 69 74 1 
86 58 17 58 17 16 
60 31 95 31 95 7 
76 77 49 77 49 76 
68 59 5 59 5 33 
75 75 0 75 0 43 
95 58 76 58 76 8 
38 19 40 19 40 92 
20 0 69 0 69 100 
48 98 15 98 15 17 
23 84 42 84 42 35 
77 61 40 61 40 81 
55 99 4 99 4 41 
74 77 61 77 61 8 
35 46 32 46 32 87 
33 52 98 52 98 35 
60 59 3 59 3 40 
83 14 2 14 2 60 
46 99 99 99 99 81 
73 43 36 43 36 41 
30 1 4 1 4 14 
50 74 20 74 20 53 
62 77 86 77 86 35 
100 5 0 5 0 81 
11 8 60 8 60 52 
48 81 61 81 61 30 
31 12 99 12 99 35 
57 81 13 81 13 83 
42 86 56 86 56 17 
90 8 41 8 41 52 
3 86 85 86 85 76 
18 30 96 30 96 10 
53 78 58 78 58 49 
28 74 34 74 34 39 
84 44 77 44 77 85 
58 42 32 42 32 51 
28 96 94 96 94 50 
100 32 48 32 48 69 
48 6 86 6 86 47 
41 58 14 58 14 18 
9 52 34 52 34 98 
0 14 71 14 71 79 
27 25 39 25 39 38 
61 77 52 77 52 87 
85 38 44 38 44 93 
19 76 71 76 71 36 
43 12 23 12 23 52 
70 63 3 63 3 85 
40 38 84 38 84 44 
26 68 45 68 45 64 
63 88 25 88 25 14 
46 58 57 58 57 2 
34 35 96 35 96 97 
75 54 28 54 28 19 
15 32 46 32 46 10 
4 52 68 52 68 20 
64 47 14 47 14 5 
28 74 90 74 90 93 
19 7 78 7 78 21 
18 4 32 4 32 80 
87 89 74 89 74 4 
93 50 67 50 67 79 
28 58 0 58 0 90 
16 70 45 70 45 11 
21 75 46 75 46 11 
55 57 46 57 46 28 
95 34 61 34 61 94 
93 44 71 44 71 8 
18 66 83 66 83 8 
36 43 91 43 91 11 
55 26 61 26 61 38 
70 75 16 75 16 87 
10 81 86 81 86 30 
44 68 4 68 4 93 
24 94 0 94 0 18 
99 80 85 80 85 10 
32 96 72 96 72 16 
46 37 50 37 50 77 
66 1 71 1 71 43 
21 64 39 64 39 81 
39 18 16 18 16 6 
33 60 70 60 70 88 
51 94 71 94 71 3 
46 61 44 61 44 43 
61 20 62 20 62 94 
45 5 56 5 56 97 
99 82 24 82 24 21 
5 49 69 49 69 99 
73 18 96 18 96 32 
25 83 71 83 71 99 
85 72 7 72 7 55 
91 39 21 39 
79 73 1 73 1 81 
36 50 99 50 99 4 
59 70 45 70 45 27 
57 37 93 37 93 95 
4 45 69 45 69 90 
49 61 9 61 9 11 
80 49 22 49 22 18 
59 41 41 41 41 13 
66 91 7 91 7 72 
69 15 90 15 90 26 
87 38 5 38 5 100 
91 20 11 20 11 53 
18 48 52 48 52 51 
52 17 69 17 69 2 
53 76 52 76 52 86 
35 20 88 20 88 100 
36 44 75 44 75 62 
3 34 23 34 23 14 
64 71 68 71 68 17 
72 14 30 14 30 28 
95 60 21 60 
13 33 92 33 92 43 
96 66 44 66 44 67 
29 91 94 91 94 11 
75 70 12 70 12 14 
89 59 1 59 1 100 
49 7 99 7 99 84 
12 64 78 64 78 96 
42 8 28 8 28 96 
70 22 74 22 74 96 
53 99 45 99 45 50 
81 19 90 19 90 89 
57 87 35 87 35 30 
45 51 34 51 34 80 
77 83 86 83 86 24 
28 14 43 14 43 97 
37 99 93 99 93 18 
97 36 49 36 49 84 
6 70 73 70 73 28 
44 70 97 70 97 46 
16 57 94 57 94 42 
6 40 37 40 37 3 
9 70 44 70 44 36 
67 90 41 90 41 13 
13 66 78 66 78 9 
73 4 42 4 42 28 
91 40 43 40 43 94 
84 80 4 80 4 63 
68 29 55 29 55 30 
67 39 2 39 2 92 
52 29 38 29 38 58 
54 41 32 41 32 67 
81 60 17 60 17 19 
83 65 23 65 23 53 
65 42 52 42 52 56 
35 52 62 52 62 4 
47 92 23 92 23 20 
9 79 100 79 100 40 
36 70 55 70 55 26 
48 43 0 43 0 1 
51 35 84 35 84 96 
61 84 47 84 47 57 
61 18 14 18 14 53 
54 10 5 10 5 49 
15 21 84 21 84 53 
11 51 95 51 95 37 
77 79 52 79 52 57 
28 9 90 9 90 59 
27 6 90 6 90 23 
96 80 19 80 19 70 
57 34 46 34 46 100 
69 59 100 59 100 9 
67 58 83 58 83 94 
29 13 21 13 21 86 
49 14 78 14 78 80 
30 81 13 81 13 48 
80 10 93 10 93 96 
95 49 61 49 61 83 
42 69 74 69 74 27 
61 39 37 39 37 67 
71 8 29 8 29 84 
11 14 80 14 80 58 
83 36 47 36 47 96 
100 83 46 83 46 39 
20 20 38 20 38 31 
51 78 68 78 68 67 
94 81 52 81 52 65 
17 12 98 12 98 23 
83 75 6 75 6 62 
99 32 9 32 9 31 
51 19 12 19 12 30 
58 59 38 59 38 67 
70 73 52 73 52 19 
64 0 84 0 84 70 
89 27 5 27 5 63 
50 37 22 37 22 39 
1 52 59 52 59 56 
44 76 96 76 96 71 
8 75 66 75 66 98 
78 26 38 26 38 18 
54 67 78 67 78 84 
17 11 61 11 61 33 
48 58 83 58 83 68 
40 36 16 36 16 35 
18 61 71 61 71 87 
86 53 28 53 28 31 
76 2 22 2 22 74 
19 45 98 45 98 56 
58 66 73 66 73 10 
50 68 65 68 65 56 
67 71 33 71 33 28 
91 74 73 74 73 36 
19 85 28 85 28 4 
97 60 15 60 15 95 
47 58 93 58 93 43 
34 16 0 16 0 27 
90 71 56 71 56 88 
16 0 34 0 34 92 
5 80 58 80 58 38 
66 32 33 32 33 80 
87 96 52 96 52 64 
55 23 50 23 50 66 
27 95 18 95 18 71 
67 82 61 82 61 9 
29 52 38 52 38 72 
69 35 55 35 55 16 
91 70 46 70 46 88 
17 18 38 18 38 2 
21 78 89 78 89 19 
80 88 14 88 14 7 
27 47 3 47 3 22 
66 32 26 32 26 57 
65 99 4 99 4 33 
84 30 25 30 25 70 
48 84 18 84 18 7 
2 29 77 29 77 48 
86 86 16 86 16 67 
22 14 32 14 32 45 
77 95 94 95 94 27 
98 10 42 10 42 56 
27 0 100 0 100 31 
30 72 60 72 60 57 
47 92 13 92 13 58 
48 6 88 6 88 31 
96 75 5 75 5 53 
19 84 70 84 70 23 
78 47 46 47 46 53 
38 52 75 52 75 35 
12 22 100 22 100 89 
45 81 30 81 30 33 
49 61 70 61 70 74 
28 84 93 84 93 4 
7 44 68 44 68 94 
48 97 92 97 92 52 
52 22 5 22 5 82 
96 97 12 97 12 41 
86 35 34 35 34 8 
68 2 22 2 22 39 
76 41 9 41 9 74 
56 62 53 62 53 22 
22 3 89 3 89 61 
61 7 54 7 54 68 
28 92 47 92 47 58 
73 47 30 47 30 90 
3 39 22 39 22 97 
57 95 60 95 60 9 
1 57 41 57 41 73 
62 99 13 99 13 5 
45 53 92 53 92 80 
29 64 10 64 10 99 
70 43 78 43 78 97 
82 71 7 71 7 59 
96 7 66 7 66 93 
43 63 32 63 32 46 
78 13 4 13 4 50 
93 29 70 29 70 99 
92 91 35 91 35 53 
17 57 59 57 59 98 
9 9 54 9 54 64 
38 71 59 71 59 89 
36 38 25 38 25 35 
45 2 24 2 24 65 
94 79 33 79 33 20 
33 2 7 2 7 29 
85 45 27 45 27 26 
84 78 25 78 25 4 
39 40 44 40 44 54 
72 71 85 71 85 40 
32 5 2 5 2 66 
55 39 3 39 3 78 
39 68 67 68 67 42 
48 65 43 65 43 47 
64 91 63 91 63 27 
60 36 98 36 98 75 
31 78 53 78 53 48 
69 72 91 72 91 91 
38 30 9 30 9 22 
30 60 95 60 95 92 
15 15 83 15 83 32 
69 82 32 82 32 96 
9 48 82 48 82 64 
96 23 0 23 0 46 
44 41 41 41 41 62 
75 56 65 56 65 96 
41 68 58 68 58 42 
14 20 83 20 83 83 
36 3 55 3 55 30 
6 61 70 61 70 79 
65 10 93 10 93 91 
22 92 89 92 89 43 
42 67 69 67 69 11 
23 11 33 11 33 40 
90 27 75 27 75 13 
68 59 30 59 30 37 
26 52 79 52 79 21 
53 41 4 41 4 95 
64 3 12 3 12 99 
44 50 29 50 29 91 
62 74 3 74 3 93 
87 7 33 7 33 77 
29 58 64 58 64 79 
94 35 21 35 21 58 
45 78 52 78 52 2 
49 10 92 10 92 43 
1 92 81 92 81 57 
7 44 26 44 26 36 
100 74 18 74 18 84 
56 18 31 18 31 61 
49 58 80 58 80 37 
65 51 14 51 14 67 
47 18 14 18 14 50 
92 93 73 93 73 6 
9 98 37 98 37 44 
71 68 18 68 18 22 
44 97 78 97 78 60 
10 80 62 80 62 68 
3 29 57 29 57 36 
33 64 9 64 9 59 
49 36 30 36 30 40 
30 86 70 86 70 49 
34 29 0 29 0 8 
93 72 34 72 34 79 
16 55 52 55 52 75 
81 34 34 34 34 13 
56 48 79 48 79 17 
43 90 36 90 36 14 
75 44 67 44 67 34 
48 54 75 54 75 38 
78 18 40 18 40 64 
58 46 36 46 36 85 
85 73 18 73 18 3 
69 75 30 75 30 14 
62 66 92 66 92 14 
55 100 88 100 88 68 
36 57 24 57 24 91 
95 22 80 22 80 85 
36 4 15 4 15 30 
82 99 41 99 41 19 
49 79 65 79 65 49 
58 71 8 71 8 27 
13 37 71 37 71 71 
73 25 45 25 45 86 
79 28 35 28 35 59 
31 89 68 89 68 58 
56 28 3 28 3 70 
52 14 26 14 26 53 
35 100 85 100 85 68 
4 60 84 60 84 24 
74 26 53 26 53 73 
57 70 8 70 8 55 
67 69 12 69 12 19 
68 21 17 21 17 41 
2 58 52 58 52 18 
92 59 34 59 34 44 
17 2 72 2 72 29 
54 30 42 30 42 56 
86 40 21 40 21 46 
10 79 59 79 59 90 
80 20 56 20 56 51 
27 34 95 34 95 13 
58 19 51 19 51 98 
73 20 96 20 96 69 
92 4 31 4 31 43 
7 63 42 63 42 93 
50 44 39 44 39 55 
69 66 8 66 8 45 
86 26 32 26 32 3 
92 82 10 82 10 23 
3 58 74 58 74 25 
76 16 49 16 49 37 
94 39 49 39 49 0 
85 57 36 57 36 31 
87 78 20 78 20 51 
37 80 9 80 9 61 
81 9 2 9 2 97 
89 93 44 93 44 17 
34 9 6 9 6 47 
60 44 48 44 48 27 
80 96 23 96 23 79 
12 45 78 45 78 41 
42 91 78 91 78 72 
4 93 86 93 86 39 
90 34 29 34 29 56 
81 100 4 100 4 55 
50 10 15 10 15 91 
50 56 58 56 58 10 
54 25 18 25 18 75 
85 84 34 84 34 36 
72 41 5 41 5 20 
98 42 75 42 75 86 
42 13 30 13 30 42 
80 70 98 70 98 47 
0 81 21 81 21 97 
74 88 6 88 6 19 
47 53 5 53 5 48 
45 6 16 6 16 81 
3 99 84 99 84 65 
63 10 98 10 98 43 
86 44 20 44 20 66 
57 42 11 42 11 5 
57 81 80 81 80 27 
87 94 67 94 67 13 
88 26 45 26 45 89 
55 96 100 96 100 4 
76 55 64 55 64 2 
77 28 45 28 45 91 
21 16 47 16 47 73 
62 60 67 60 67 4 
34 82 23 82 23 5 
99 27 11 27 11 40 
87 55 42 55 42 0 
65 20 8 20 8 64 
85 5 5 5 5 69 
84 37 57 37 57 9 
36 31 80 31 80 4 
89 88 15 88 15 19 
88 29 24 29 24 77 
3 83 79 83 79 49 
79 39 58 39 58 71 
74 72 61 72 61 63 
53 0 47 0 47 22 
51 71 20 71 20 81 
100 74 76 74 76 100 
56 59 51 59 51 70 
58 35 41 35 41 2 
72 95 87 95 87 66 
98 28 17 28 17 88 
83 44 43 44 43 100 
5 62 93 62 93 6 
28 19 97 19 97 95 
100 48 49 48 49 31 
73 24 3 24 3 77 
30 69 2 69 2 8 
52 60 20 60 20 14 
2 91 44 91 44 28 
34 59 63 59 63 94 
25 83 98 83 98 73 
86 62 12 62 12 94 
67 12 53 12 53 72 
5 29 62 29 62 93 
43 4 5 4 5 40 
4 42 92 42 92 20 
85 50 17 50 17 0 
21 19 53 19 53 36 
31 4 51 4 51 54 
82 49 98 49 98 88 
32 80 17 80 17 46 
51 36 73 36 73 8 
93 51 56 51 56 2 
71 63 60 63 60 69 
7 51 90 51 90 73 
85 30 71 30 71 87 
42 42 17 42 17 69 
38 4 46 4 46 42 
99 11 83 11 83 68 
30 74 3 74 3 32 
10 5 51 5 51 77 
21 11 91 11 91 57 
86 96 6 96 6 81 
49 32 3 32 3 78 
97 67 30 67 30 16 
65 51 16 51 16 100 
95 69 68 69 68 76 
67 100 12 100 12 38 
59 72 3 72 3 82 
65 1 20 1 20 48 
86 82 36 82 36 49 
43 56 2 56 2 60 
58 12 40 12 40 44 
16 6 42 6 42 54 
14 96 90 96 90 10 
5 47 74 47 74 58 
48 10 1 10 1 53 
11 19 38 19 38 48 
28 76 68 76 68 43 
30 79 64 79 64 95 
63 92 51 92 51 56 
44 65 59 65 59 18 
7 94 61 94 61 49 
76 88 3 88 3 11 
84 62 50 62 50 86 
68 76 34 76 34 31 
69 7 55 7 55 94 
49 40 36 40 36 90 
8 71 81 71 81 87 
92 26 16 26 16 75 
0 7 83 7 83 69 
1 49 51 49 51 61 
39 84 15 84 15 14 
82 83 18 83 18 42 
94 68 15 68 15 42 
85 19 24 19 24 79 
32 49 4 49 4 9 
53 44 0 44 0 57 
35 3 6 3 6 39 
0 13 84 13 84 62 
59 48 30 48 30 11 
48 13 48 70 
60 46 37 46 37 90 
42 72 99 72 99 86 
69 10 27 10 27 34 
14 48 73 48 73 11 
