51 51
0 6 5 4 5 4 4 4 5 4 4 5 5 5 4 3 3 5 5 5 5 4 3 4 3 3 4 3 3 1 2 3 5 6 6 4 3 2 2 2 1 1 2 2 2 2 2 2 1 0 0 0
0 2 3 4 4 2 4 3 7 4 4 6 7 6 6 3 2 2 3 2 1 4 5 5 4 4 3 3 2 2 2 6 5 4 6 7 6 5 4 5 5 5 5 4 2 2 1 0 0 0 0 0
0 1 2 2 3 4 3 4 5 5 5 5 2 3 3 2 1 1 3 3 4 2 2 2 1 2 2 3 3 4 2 3 4 4 4 4 4 4 3 2 1 1 3 1 1 0 0 0 1 1 0 0
0 1 2 2 3 3 2 1 2 2 2 2 2 2 2 2 2 2 3 2 2 1 1 1 1 2 3 3 3 3 6 7 6 7 7 8 9 7 6 10 11 8 6 7 7 5 3 2 0 0 0 0
0 4 3 2 3 3 6 6 6 5 6 8 6 8 7 8 7 6 5 4 3 3 4 4 3 3 4 4 4 4 4 4 4 5 4 5 5 5 7 7 7 7 7 8 9 6 5 3 2 1 0 0
0 2 4 6 6 5 4 4 4 5 5 6 8 7 6 5 5 6 3 2 3 4 3 3 4 3 3 3 3 4 4 3 3 3 4 5 5 7 6 7 8 6 9 8 9 6 4 1 0 0 0 0
0 3 2 2 3 3 3 2 2 2 2 2 2 2 3 3 5 6 5 5 3 3 4 3 3 5 4 5 5 5 6 5 5 3 3 3 3 3 2 2 1 1 1 0 0 0 0 0 0 1 0 0
0 1 2 3 4 3 4 6 5 4 3 4 4 5 4 3 1 2 3 3 3 5 6 4 3 2 1 1 1 2 3 3 4 5 6 5 4 5 4 3 5 7 8 9 8 6 3 3 3 1 0 0
0 1 1 1 1 1 2 2 2 2 2 3 4 3 3 3 3 1 1 2 3 2 2 3 4 4 3 2 2 1 1 2 3 3 1 4 4 4 6 5 2 2 4 4 3 3 2 1 0 1 0 0
0 1 1 1 2 2 2 2 2 2 4 3 3 3 4 4 5 5 4 2 2 2 2 2 1 2 1 0 1 2 2 1 4 5 6 9 9 11 10 8 8 6 6 7 6 4 3 3 2 1 0 0
0 3 5 4 4 4 3 4 4 4 4 7 5 5 6 6 5 5 6 5 2 2 3 3 3 2 2 4 5 8 9 9 8 6 6 6 6 6 8 7 7 9 7 7 7 8 8 5 2 1 0 0
0 2 4 3 2 2 4 4 5 4 3 3 4 5 6 7 7 6 4 4 5 4 5 5 5 7 8 7 3 3 4 4 4 5 5 3 5 4 3 4 4 5 4 4 4 1 1 1 0 0 0 0
0 2 3 4 4 5 5 5 4 5 10 10 9 9 11 6 5 7 6 5 5 6 6 6 7 5 5 3 3 3 5 5 5 5 6 5 4 5 7 7 6 8 9 9 7 7 6 2 2 1 0 0
0 3 3 4 5 5 5 6 5 5 5 4 4 3 3 4 6 5 6 8 8 8 5 7 8 7 4 3 3 3 1 2 2 2 2 2 3 4 4 4 4 4 4 4 4 5 5 6 3 3 0 0
0 2 2 3 6 5 6 6 6 5 4 5 6 5 5 3 4 4 6 5 4 4 2 3 3 2 1 1 4 3 2 2 1 1 2 1 2 4 4 4 3 4 5 4 7 6 3 2 0 1 0 0
0 0 0 1 1 0 3 2 1 2 4 5 5 7 6 4 3 3 3 3 2 2 6 3 4 4 3 2 2 2 3 6 6 5 4 3 3 2 2 1 3 3 2 2 5 6 7 6 4 2 0 0
0 0 2 3 4 3 3 3 3 4 1 2 5 5 6 5 5 5 6 3 2 3 4 3 5 4 6 6 7 4 5 4 4 4 4 4 4 5 4 3 2 5 5 5 5 5 4 3 2 1 0 0
0 4 4 4 7 8 8 7 5 7 6 6 4 4 2 0 1 2 1 2 3 4 5 6 7 9 9 7 6 4 3 3 4 2 3 3 1 1 1 1 2 3 3 3 3 3 3 3 3 3 0 0
0 1 4 6 5 5 5 6 6 6 5 6 7 7 6 5 5 6 4 2 3 4 5 6 6 5 6 5 5 4 4 3 1 1 1 1 1 2 2 2 4 5 4 5 5 4 3 4 2 0 0 0
0 2 3 4 4 4 4 5 5 5 4 2 1 0 2 3 4 6 6 5 4 5 5 5 5 6 6 5 5 3 3 3 4 3 3 2 4 2 2 3 3 2 3 2 4 5 4 1 2 1 0 0
0 1 1 2 1 1 2 2 1 2 2 0 0 1 3 5 7 7 8 10 10 9 9 9 8 8 8 5 2 3 3 3 3 2 3 2 1 3 4 4 5 6 3 1 2 2 2 1 1 2 0 0
0 0 0 1 1 2 3 3 2 3 1 1 1 1 4 4 5 5 5 6 6 7 8 8 7 5 6 3 3 3 2 2 2 2 3 2 2 1 3 2 4 3 2 2 3 3 4 3 4 2 0 0
0 1 1 1 2 3 3 3 2 2 1 1 2 3 3 6 5 3 4 5 7 7 8 9 7 6 5 3 3 2 2 4 4 3 4 3 1 1 2 4 4 6 5 6 6 5 3 0 0 1 0 0
0 1 2 3 5 5 5 6 5 5 5 4 2 2 3 2 2 2 4 3 2 0 1 1 0 0 1 1 0 0 1 2 4 3 3 2 1 1 1 2 2 2 3 3 4 4 6 5 4 1 0 0
0 6 6 5 6 7 8 7 5 4 4 5 6 4 4 3 2 2 3 4 5 3 2 4 6 5 8 6 7 6 4 3 3 3 3 3 2 2 2 1 3 3 2 1 3 3 3 2 3 3 0 0
0 2 2 1 1 2 2 2 1 2 2 1 1 2 4 4 4 2 2 0 0 0 0 1 4 4 5 4 4 6 5 4 4 4 3 2 3 3 4 5 6 6 4 4 6 4 3 3 3 0 0 0
0 2 2 4 3 2 1 2 3 2 3 2 4 5 3 5 6 6 6 4 5 5 3 2 0 1 2 1 2 2 2 1 1 2 2 3 7 6 6 5 3 5 4 2 2 2 1 1 0 0 0 0
0 3 3 2 2 3 3 3 3 5 4 3 2 2 1 2 2 2 2 2 2 3 2 2 2 2 0 1 2 3 4 5 5 5 5 5 3 3 3 2 2 2 2 2 3 3 2 2 2 0 0 0
0 4 4 5 5 6 5 6 6 5 6 6 4 4 3 2 3 6 6 7 6 5 3 4 5 5 3 1 1 3 4 2 2 2 2 2 0 2 3 2 3 3 4 5 4 3 2 2 2 2 0 0
0 2 4 4 5 6 8 7 7 5 6 5 4 4 4 5 6 5 3 3 3 3 3 3 2 2 1 2 2 2 2 4 5 4 4 4 5 5 5 7 6 6 4 4 3 1 1 1 1 1 0 0
0 2 4 4 7 9 9 11 10 9 9 8 8 4 3 3 3 2 2 3 5 3 4 5 4 4 4 6 8 6 6 4 2 3 3 3 6 6 6 7 8 8 9 9 7 6 5 5 2 1 0 0
0 3 3 4 5 6 6 3 4 6 7 6 7 5 3 3 3 7 6 5 5 5 5 4 4 4 3 5 4 4 5 4 4 3 3 3 1 1 6 6 6 5 5 4 3 3 2 2 2 1 0 0
0 2 3 3 6 6 7 7 5 5 6 6 6 5 4 6 6 4 4 5 4 4 4 6 5 5 3 3 3 2 1 2 3 3 5 5 5 7 6 4 2 3 4 3 3 5 6 3 3 1 0 0
0 2 3 2 3 5 4 5 3 5 6 5 6 4 4 5 3 3 2 3 2 1 2 3 5 5 4 3 3 4 3 6 6 6 6 5 3 4 4 3 4 4 3 2 3 1 1 1 0 0 0 0
0 4 4 4 4 5 4 3 2 4 3 4 4 4 4 4 4 4 4 5 4 2 2 1 1 0 0 0 1 1 3 4 4 6 6 6 5 6 3 2 4 4 5 5 4 4 2 2 3 4 0 0
0 2 3 3 4 4 6 8 7 5 4 4 6 6 6 7 5 7 11 13 12 11 8 8 9 8 8 6 6 5 5 7 7 7 7 5 4 6 5 6 7 10 8 9 9 8 6 3 3 1 0 0
0 2 6 7 9 11 12 10 8 8 9 9 9 7 8 6 10 8 6 6 5 4 3 3 3 1 1 0 0 0 0 2 1 1 2 2 3 3 6 7 7 6 7 6 6 6 3 2 1 0 0 0
0 3 3 1 3 6 7 6 5 6 6 6 4 2 3 4 3 3 2 3 4 4 4 3 2 3 5 3 3 4 4 4 3 4 3 2 1 1 3 4 5 4 4 5 7 5 3 4 3 1 0 0
0 1 2 4 5 9 10 11 10 8 6 6 6 6 4 4 3 4 4 3 2 2 4 5 4 4 4 3 5 5 5 5 5 5 3 3 5 5 3 3 3 2 2 2 3 3 4 3 2 2 0 0
0 5 5 4 6 6 6 7 6 5 5 5 5 6 4 3 2 1 0 1 3 4 4 7 5 5 4 3 3 2 2 4 4 6 5 5 6 6 5 5 3 3 3 3 2 1 2 2 2 2 0 0
0 0 1 1 2 2 3 2 3 2 1 2 3 2 4 4 6 7 8 7 7 7 8 5 5 4 4 4 3 3 4 5 8 11 9 8 7 6 7 7 7 9 8 6 5 5 5 3 2 1 0 0
0 3 3 3 3 2 4 1 1 2 2 2 1 1 0 3 2 1 1 1 0 0 2 1 3 3 4 5 5 6 6 6 5 5 2 1 1 4 2 3 5 5 5 4 3 2 1 1 0 0 0 0
0 2 4 3 5 6 4 3 5 6 5 5 4 4 4 5 4 4 5 4 4 5 3 3 4 3 9 11 7 6 7 7 7 5 5 5 4 4 5 7 5 5 6 4 3 4 5 5 5 2 0 0
0 3 4 3 3 4 3 2 2 4 6 6 4 7 6 9 11 12 10 8 8 8 6 5 4 3 5 3 4 4 5 4 3 4 3 3 2 2 3 4 7 7 8 7 6 7 6 4 3 1 0 0
0 2 3 4 4 6 4 6 6 5 5 8 6 5 4 3 3 6 6 4 4 5 5 3 2 1 1 1 0 0 0 0 0 0 1 0 0 2 3 2 5 5 5 5 7 8 6 6 2 2 0 0
0 3 3 3 4 5 5 5 6 6 4 3 3 3 1 1 1 2 3 3 4 5 3 2 2 3 4 6 6 5 5 7 7 8 7 5 4 4 5 3 3 4 2 2 2 2 1 1 1 1 0 0
0 6 7 9 7 7 5 5 4 4 4 2 2 4 4 6 6 5 4 5 5 7 7 7 5 3 4 4 2 2 2 1 0 0 0 1 1 3 4 3 3 4 5 4 4 4 3 2 1 1 0 0
0 1 1 1 1 1 1 1 0 0 2 2 2 2 1 2 2 2 2 4 6 5 5 4 5 5 4 4 3 6 4 4 4 3 3 3 2 2 1 4 5 4 4 5 5 4 4 2 2 1 0 0
0 3 3 3 2 2 1 4 5 5 5 4 4 5 6 5 6 6 3 4 4 4 2 3 3 1 1 1 3 4 5 5 7 8 8 6 4 5 7 7 6 5 6 4 4 3 3 2 2 1 0 0
0 1 1 2 2 2 3 2 0 1 1 1 1 1 1 2 5 5 5 2 3 3 3 4 2 2 2 2 2 2 2 3 2 1 3 3 3 3 5 6 5 5 5 6 5 6 5 5 2 1 0 0
0 1 1 3 3 3 3 3 4 3 5 4 4 2 2 2 1 1 2 2 2 2 3 4 4 4 3 4 5 4 3 3 3 6 6 5 4 5 4 5 5 5 5 4 3 3 1 1 0 0 0 0
0 1 2 3 3 2 2 2 2 3 3 4 6 5 3 5 6 5 4 3 2 2 2 2 3 4 3 3 3 4 4 5 4 5 4 4 5 6 9 9 8 8 7 7 6 6 6 4 3 1 3
0 4 5 6 8 8 7 7 6 6 5 5 4 6 7 8 9 8 6 8 7 5 6 6 7 6 7 8 10 7 8 7 6 4 4 3 4 3 4 5 3 4 3 4 6 7 8 6 6 5 2
0 3 3 5 8 9 8 4 3 3 3 1 2 2 3 2 2 1 5 6 6 7 8 9 7 6 6 6 4 6 5 4 4 3 3 3 6 5 5 5 4 3 6 5 4 4 2 2 0 0 0
0 3 2 2 3 5 4 5 8 10 7 3 3 3 3 3 4 5 5 7 6 6 6 4 3 3 3 2 4 4 4 4 4 5 6 7 6 7 7 7 6 6 6 6 5 3 2 1 1 1 3
0 5 5 6 6 6 8 8 4 4 4 3 2 2 3 3 3 6 7 7 5 4 4 3 2 0 0 1 1 3 4 5 7 6 4 4 6 7 5 5 4 4 4 6 6 6 6 4 2 1 0
0 5 5 6 6 7 5 7 5 5 5 3 3 5 4 5 6 7 4 5 5 5 8 7 6 5 5 5 6 6 6 5 4 3 4 6 6 9 11 9 8 7 6 5 5 3 2 1 1 1 0
0 1 2 3 3 2 1 1 1 2 4 5 5 5 5 6 5 6 5 6 7 4 4 4 5 5 5 4 5 4 5 7 6 6 6 6 6 5 7 7 5 6 8 8 4 4 4 3 3 2 0
0 2 3 3 4 4 5 7 8 8 8 7 8 7 6 5 4 2 2 2 2 2 3 3 3 5 5 6 7 6 5 5 3 3 4 7 7 8 7 4 6 6 4 5 7 6 5 5 3 2 2
0 6 8 5 5 5 4 4 1 1 2 2 3 3 5 6 6 8 9 6 5 5 3 5 4 5 6 7 8 4 4 7 7 5 5 5 4 5 4 4 4 3 4 4 6 5 6 5 4 3 2
0 4 3 3 3 3 4 4 5 3 4 6 5 4 5 7 6 6 6 7 7 6 5 5 7 6 5 5 6 7 4 5 4 3 7 4 4 1 1 5 7 7 6 7 8 8 8 4 1 1 1
0 2 4 4 8 8 9 9 6 7 8 6 6 6 7 5 7 4 5 5 4 7 7 8 6 7 7 7 6 7 5 3 3 4 5 6 7 6 5 4 3 2 3 5 5 4 3 3 2 1 1
0 1 2 3 3 3 3 2 3 4 5 6 5 6 7 5 5 6 4 3 3 2 2 3 3 3 3 4 7 7 5 4 2 3 4 3 4 4 5 5 5 4 5 6 7 5 4 3 2 2 2
0 2 6 4 7 3 2 2 5 5 5 5 4 6 4 3 4 3 3 2 2 2 4 5 5 5 4 3 3 2 3 4 6 5 5 6 4 4 3 3 4 6 4 6 5 4 4 3 3 2 1
0 2 4 4 5 6 5 5 5 6 6 7 6 4 5 6 5 4 5 5 5 4 4 3 5 4 4 6 7 7 8 8 7 5 5 6 7 10 8 8 9 9 10 8 4 4 4 2 3 2 0
0 8 10 8 6 8 7 7 7 6 6 5 4 3 5 4 3 4 5 4 4 5 4 5 4 4 3 2 3 2 3 4 5 6 6 5 6 5 6 6 5 4 4 5 4 1 1 0 0 0 0
0 5 3 3 5 4 4 5 5 4 4 5 6 5 4 5 7 8 9 9 10 8 8 4 4 3 2 4 4 1 1 2 3 2 3 4 5 7 7 7 4 6 7 7 8 8 8 6 6 6 3
0 2 4 3 5 3 5 6 6 7 8 7 5 6 4 3 3 2 2 1 3 3 3 3 3 3 3 2 2 2 1 3 2 2 1 2 3 3 3 3 4 2 1 2 2 3 5 3 3 1 1
0 1 1 1 3 3 2 5 6 6 6 5 4 3 2 3 3 1 1 2 1 1 0 1 3 4 8 7 9 11 7 9 9 10 9 8 5 4 4 4 6 5 5 4 4 3 4 4 4 2 1
0 3 4 5 4 5 4 3 5 3 3 5 6 7 6 6 7 8 9 8 7 4 4 5 4 5 5 5 5 4 4 4 4 6 5 4 4 3 3 3 3 3 3 4 2 3 3 3 8 4 3
0 4 2 2 3 5 5 6 5 5 4 7 7 6 6 5 6 6 6 5 7 4 6 6 6 7 5 4 5 5 3 3 3 6 6 6 5 5 4 6 5 5 5 5 8 3 4 5 6 6 0
0 1 2 2 3 4 4 4 4 4 5 6 6 3 4 5 5 8 10 11 9 7 6 8 5 4 4 3 4 3 3 3 6 7 6 6 3 4 4 4 3 3 5 6 6 7 6 6 4 4 2
0 6 5 4 4 4 4 4 4 4 2 5 6 6 3 3 3 3 7 2 3 3 1 1 2 1 1 2 2 2 2 0 0 0 2 2 2 2 3 2 5 5 7 9 8 7 5 5 2 6 1
0 1 2 2 3 6 8 7 7 8 7 7 6 7 4 5 6 7 9 6 7 8 8 8 8 7 7 5 6 3 3 3 4 4 4 6 8 8 9 8 9 7 6 5 3 2 4 3 4 6 2
0 2 3 5 5 6 6 6 7 8 7 8 6 6 6 7 6 4 3 3 4 3 3 3 4 3 4 5 5 7 8 7 7 7 8 6 8 9 8 10 9 9 8 9 7 5 5 5 3 2 1
0 3 5 7 7 7 7 8 7 7 7 6 5 4 4 4 3 5 4 8 9 9 6 5 5 3 3 4 5 5 4 3 3 3 2 5 3 4 4 3 3 3 2 3 4 4 4 3 2 1 0
0 3 3 4 3 2 3 4 4 4 5 8 5 6 5 6 5 5 5 6 7 6 5 6 9 7 4 2 2 2 3 4 2 1 1 3 3 3 2 2 2 1 3 4 6 5 5 6 6 2 2
0 2 3 3 5 6 6 6 5 3 3 4 7 6 5 4 6 6 4 2 0 0 2 2 3 4 5 6 5 4 3 5 6 4 5 6 2 2 2 2 4 5 7 6 5 6 4 2 2 1 1
0 1 4 3 4 5 4 4 5 4 4 4 6 6 5 7 7 9 6 12 11 12 9 6 6 4 5 6 5 3 4 4 3 5 5 7 6 6 6 6 6 6 8 7 6 6 6 5 4 5 5
0 1 2 3 2 2 2 4 4 4 4 4 3 4 5 6 8 9 7 7 9 8 8 8 7 6 5 5 5 5 6 5 4 4 3 1 2 3 4 3 6 5 4 4 6 6 7 6 5 1 1
0 3 3 2 3 3 2 2 2 3 4 3 5 3 3 3 6 5 4 4 2 2 2 2 3 3 4 6 6 5 5 4 4 3 3 5 3 3 3 4 3 3 1 3 4 6 5 4 2 2 2
0 1 3 6 5 6 4 5 5 4 6 6 7 6 5 5 6 5 3 0 1 3 3 4 5 5 4 4 3 3 0 4 4 5 5 4 4 4 4 3 6 6 6 5 4 4 3 4 3 2 0
0 1 2 5 5 4 4 7 7 9 8 6 5 5 5 7 6 7 7 5 7 5 5 5 5 3 2 2 2 2 3 4 4 3 2 1 2 3 4 5 7 7 7 5 7 8 6 5 4 4 3
0 3 5 7 6 8 10 9 10 10 7 7 8 8 7 4 3 5 4 6 8 7 5 4 4 3 4 4 4 3 3 3 2 4 3 2 2 2 3 3 5 3 3 4 3 3 1 0 0 0 0
0 1 2 3 4 4 6 5 6 7 5 4 4 5 5 5 3 4 3 3 4 4 4 5 5 4 4 5 4 7 8 4 4 4 6 5 4 4 3 6 4 5 5 4 5 5 4 3 4 3 3
0 1 2 2 4 5 6 7 6 6 5 5 3 2 3 2 2 2 2 3 6 5 4 4 4 4 3 3 4 4 2 2 3 4 4 6 6 7 8 8 6 4 6 4 3 5 7 9 6 2 1
0 1 3 3 3 6 8 8 9 8 10 8 8 6 5 6 5 3 1 1 1 1 2 2 3 3 5 6 6 5 7 8 7 9 7 8 5 3 3 3 2 4 4 4 5 5 5 4 2 0 0
0 4 4 4 4 2 1 2 3 4 5 7 8 5 6 7 4 4 7 6 5 4 6 6 5 6 8 9 8 8 8 8 6 3 4 4 4 6 6 5 5 5 5 4 2 1 0 0 0 0 0
0 2 4 4 4 5 6 7 7 9 12 9 10 9 6 5 5 5 5 3 2 1 1 1 2 4 4 3 3 3 3 3 2 4 3 1 1 2 4 4 4 5 8 9 8 6 6 3 3 2 2
0 1 2 5 6 5 5 6 7 8 9 5 5 2 2 2 2 2 3 4 6 6 4 3 3 5 4 5 6 5 4 3 2 2 3 4 9 9 8 9 8 8 5 5 4 4 6 4 3 5 3
0 4 5 6 6 4 4 5 4 2 1 0 1 2 2 3 3 3 5 6 4 4 3 3 3 5 5 5 5 5 4 3 5 3 2 3 3 3 4 3 5 6 7 7 6 7 2 2 2 0 0
0 5 6 8 9 7 8 8 7 5 4 3 2 2 2 2 2 2 3 3 5 5 4 5 5 5 5 5 5 3 3 3 4 5 6 6 5 6 5 5 6 9 9 10 9 7 6 6 4 2 1
0 3 3 4 5 5 4 6 5 6 6 4 6 5 6 4 6 6 6 7 5 6 4 4 5 6 6 5 6 9 10 8 8 8 7 7 3 5 2 2 3 3 5 5 5 5 4 4 3 2 1
0 5 7 8 5 6 8 8 10 8 8 8 6 6 5 5 4 4 4 3 4 4 4 4 4 5 4 3 4 3 2 3 5 4 5 4 5 5 5 4 7 8 5 6 6 9 4 5 3 2 2
0 3 2 2 5 4 5 5 4 6 5 7 8 10 10 8 5 6 6 6 5 4 6 9 9 7 8 9 9 5 5 5 4 5 5 7 3 5 5 5 6 5 7 7 8 7 6 7 5 3 2
0 2 2 3 5 9 9 9 7 6 4 4 6 6 7 6 6 5 4 4 5 3 3 1 2 3 2 4 4 5 7 8 6 5 3 4 4 4 3 4 4 5 4 3 4 4 2 2 2 1 1
0 3 4 9 9 7 5 6 5 5 6 6 3 5 5 4 5 6 6 7 6 4 2 1 1 2 3 4 4 6 7 10 11 10 11 12 11 12 7 7 6 5 7 5 5 3 2 2 2 3 1
0 0 2 3 5 6 5 6 5 6 6 3 2 1 1 2 3 3 5 2 2 4 5 5 6 6 5 6 6 5 7 7 8 7 7 6 5 5 5 4 4 4 4 4 4 4 3 3 2 2 2
0 1 1 1 4 3 3 4 4 5 6 5 7 7 6 6 7 9 6 5 4 5 8 7 5 5 6 7 9 5 5 4 3 2 2 3 4 4 2 3 3 2 2 2 2 3 5 5 4 2 1
0 2 3 4 6 7 7 6 7 6 5 4 3 4 2 2 3 5 6 7 9 8 7 5 4 4 4 4 4 4 5 4 4 6 6 7 6 4 4 5 4 2 5 6 6 4 4 4 3 5 0
0 2 2 2 3 2 3 4 3 4 4 4 5 3 3 4 7 8 9 9 9 6 5 7 5 7 6 5 4 5 8 3 5 2 2 2 2 3 4 2 3 1 1 2 2 2 2 3 3 1 0
0 1 2 3 3 4 3 5 5 4 5 4 4 6 6 7 7 7 7 7 7 6 4 4 5 6 4 3 4 2 1 2 4 3 7 6 6 6 6 5 4 4 6 5 6 7 6 5 2 2 0
0 0 0 0 0 0 0 0 0 0 0 0 0 0 0 0 0 0 0 0 0 0 0 0 0 0 0 0 0 0 0 0 0 0 0 0 0 0 0 0 0 0 0 0 0 0 0 0 0 0 0
8 42 8 41 16 41 16 48 18 48 
49 17 46 17 46 21 48 21 
11 45 10 45 10 43 9 43 
6 30 6 34 11 34 11 38 
45 34 39 34 39 35 
0 38 2 38 2 48 4 48 
10 21 11 21 11 19 
40 45 41 45 41 41 
25 45 25 34 19 34 19 35 
48 1 49 1 49 8 47 8 
43 50 49 50 49 43 48 43 
4 34 4 39 6 39 
14 46 14 43 15 43 
17 29 20 29 
48 27 50 27 50 32 49 32 49 39 48 39 
24 28 25 28 25 33 
22 44 22 41 14 41 14 36 
23 44 24 44 24 41 12 41 12 40 
38 43 38 40 
21 21 21 24 20 24 
13 42 14 42 14 41 20 41 20 35 
35 31 32 31 32 36 24 36 24 35 
6 39 6 34 
50 23 46 23 46 14 49 14 
43 39 41 39 41 41 32 41 32 40 
21 45 18 45 18 40 
48 35 49 35 49 37 42 37 
47 39 47 40 
17 19 12 19 12 21 
6 24 6 26 1 26 
25 48 21 48 21 47 20 47 
26 27 31 27 31 24 
31 20 29 20 
4 43 3 43 3 47 
48 30 47 30 47 38 40 38 
25 23 29 23 29 26 35 26 
45 7 46 7 46 18 48 18 
41 43 41 45 44 45 44 50 48 50 
48 20 44 20 44 15 
42 28 42 24 40 24 
0 34 5 34 5 28 6 28 
35 39 35 35 36 35 
43 45 44 45 44 36 43 36 
44 10 44 8 49 8 49 3 46 3 
19 46 17 46 17 49 
7 45 3 45 3 44 
37 36 35 36 35 43 36 43 36 46 39 46 
16 37 18 37 18 40 
23 43 24 43 24 41 16 41 16 37 14 37 
16 35 16 33 21 33 21 36 
39 45 38 45 38 44 29 44 29 40 30 40 
45 37 47 37 47 31 45 31 
2 26 11 26 11 27 12 27 
50 45 49 45 49 34 50 34 
11 43 11 41 18 41 18 38 19 38 
45 34 42 34 42 37 40 37 
47 10 43 10 
39 24 37 24 37 26 36 26 
38 45 40 45 
19 39 18 39 18 41 24 41 24 46 28 46 
37 42 36 42 36 44 39 44 
22 39 18 39 18 35 
30 47 31 47 31 48 
39 42 41 42 41 40 
31 42 32 42 32 41 37 41 37 40 
21 34 21 41 16 41 16 43 
4 38 4 37 7 37 7 36 
13 41 8 41 8 33 7 33 
44 35 44 38 41 38 41 41 
43 31 43 33 
10 23 11 23 11 21 5 21 
42 28 42 32 45 32 
19 1 12 1 
5 35 4 35 4 40 10 40 10 45 11 45 
38 41 37 41 37 32 34 32 
15 49 14 49 14 48 
21 38 24 38 24 47 28 47 
21 42 22 42 22 45 
1 28 2 28 2 27 7 27 
49 49 49 45 38 45 38 43 39 43 
46 48 49 48 49 41 44 41 
23 47 24 47 24 39 25 39 
9 47 14 47 14 39 
18 0 24 0 
18 48 18 48 
50 28 50 33 42 33 42 34 
26 44 22 44 22 46 21 46 
2 36 2 33 8 33 8 32 
49 37 49 30 50 30 
4 43 5 43 5 47 14 47 14 45 
45 11 46 11 46 14 42 14 
13 24 16 24 16 25 17 25 
29 36 25 36 25 39 
49 4 49 0 
28 43 28 44 32 44 32 50 30 50 
16 28 16 29 24 29 
47 46 46 46 46 48 47 48 
6 41 2 41 2 46 
16 2 11 2 
31 32 32 32 32 28 42 28 42 29 
40 44 29 44 29 39 30 39 
49 12 46 12 46 22 50 22 
48 35 49 35 49 32 50 32 50 24 
0 41 1 41 1 34 
35 33 24 33 
31 39 32 39 32 37 42 37 42 36 
7 47 10 47 10 37 
8 43 5 43 5 49 3 49 
45 25 48 25 48 31 45 31 
25 1 29 1 29 2 30 2 
26 46 36 46 36 42 
12 49 5 49 5 43 
27 19 26 19 26 21 
18 40 18 33 21 33 
0 40 7 40 7 37 
42 46 41 46 41 40 
22 26 21 26 21 23 24 23 
9 36 9 34 12 34 
15 49 5 49 5 44 
39 45 39 46 32 46 32 48 
44 27 49 27 
38 50 38 47 
17 49 14 49 14 46 13 46 
21 49 24 49 24 40 23 40 
48 33 49 33 49 40 46 40 
45 17 44 17 44 27 49 27 
50 5 49 5 49 2 48 2 
1 44 2 44 2 49 7 49 
35 46 29 46 29 48 
11 49 9 49 9 50 
6 42 5 42 5 43 0 43 
42 23 37 23 37 22 31 22 
42 14 40 14 40 25 
22 40 24 40 24 49 
27 36 25 36 25 43 22 43 
42 45 33 45 
9 32 11 32 11 31 19 31 
34 50 36 50 36 44 30 44 30 42 
12 46 12 45 16 45 16 38 20 38 
25 35 25 41 20 41 20 40 
40 34 44 34 
45 22 45 20 50 20 
38 31 38 25 
44 33 42 33 42 28 
27 49 30 49 30 45 
17 24 18 24 18 26 19 26 
45 3 43 3 
50 49 49 49 49 46 42 46 
28 33 30 33 30 28 37 28 37 27 36 27 
0 47 10 47 10 46 11 46 
45 45 47 45 47 44 48 44 
43 30 42 30 42 23 
20 45 14 45 14 47 15 47 
40 42 44 42 44 48 43 48 
35 44 26 44 26 47 28 47 
8 46 8 44 9 44 
47 35 49 35 49 44 48 44 
14 38 16 38 16 44 11 44 
43 35 41 35 
21 0 27 0 27 1 28 1 
29 27 21 27 21 32 19 32 
2 25 3 25 3 23 2 23 
6 33 8 33 8 41 12 41 
0 38 1 38 1 42 3 42 
1 49 2 49 2 38 0 38 
48 8 49 8 49 11 47 11 
12 36 12 37 17 37 17 35 
45 47 49 47 49 35 45 35 
45 41 49 41 49 45 39 45 39 48 
25 44 24 44 24 50 21 50 
5 36 4 36 4 41 12 41 12 44 
2 45 2 43 0 43 
18 50 14 50 14 49 7 49 7 48 
1 2 3 2 3 3 7 3 
12 31 16 31 16 41 14 41 
10 43 10 47 21 47 
35 30 37 30 37 26 41 26 
2 39 2 40 8 40 8 36 
6 43 8 43 8 40 12 40 12 36 13 36 
49 38 49 40 48 40 
21 47 22 47 22 44 28 44 28 42 
24 37 24 45 21 45 21 46 
15 37 18 37 18 34 
38 49 49 49 
38 46 36 46 36 39 38 39 
45 44 45 45 38 45 38 40 
38 44 41 44 41 38 44 38 44 36 
46 21 45 21 45 26 50 26 50 32 47 32 
29 26 31 26 31 28 36 28 
27 44 29 44 29 36 24 36 
0 50 2 50 2 47 11 47 11 48 
21 49 27 49 
33 48 33 47 42 47 42 48 43 48 
31 43 32 43 32 49 
37 2 44 2 44 1 
4 23 9 23 
1 35 1 40 8 40 8 39 
10 21 0 21 0 23 1 23 
9 1 8 1 
20 45 29 45 
6 49 14 49 14 45 
42 2 34 2 34 1 
25 48 19 48 
47 26 42 26 42 31 38 31 
5 49 5 44 6 44 
41 47 41 45 47 45 47 40 
31 45 31 44 25 44 25 37 26 37 
26 43 24 43 24 39 21 39 
49 16 46 16 46 18 
20 36 21 36 21 32 20 32 
40 34 43 34 43 30 44 30 
32 33 32 36 31 36 
3 35 1 35 1 43 2 43 
47 28 50 28 
17 48 22 48 22 42 
6 36 6 40 2 40 2 44 
42 41 49 41 49 32 46 32 
18 48 17 48 17 47 7 47 7 48 
38 25 38 27 42 27 42 31 46 31 
4 32 5 32 5 34 9 34 9 35 10 35 
14 34 7 34 7 31 6 31 
12 32 15 32 15 33 22 33 22 35 
42 41 49 41 49 36 46 36 
50 26 44 26 44 24 40 24 
9 39 10 39 10 47 5 47 5 50 
0 45 2 45 2 47 3 47 
48 22 46 22 46 17 50 17 
39 43 36 43 36 48 38 48 
38 41 32 41 32 34 30 34 
27 49 30 49 30 45 
3 35 1 35 1 40 12 40 12 38 14 38 
11 44 11 47 7 47 7 48 
21 27 12 27 12 30 
0 43 8 43 8 38 9 38 
48 42 47 42 47 44 45 44 
42 47 36 47 36 41 37 41 
50 1 49 1 49 4 
28 0 17 0 
17 48 16 48 16 41 15 41 
8 28 4 28 4 24 2 24 
39 1 39 0 47 0 
31 24 29 24 29 21 27 21 
27 42 28 42 28 35 
43 1 41 1 
44 11 46 11 46 19 47 19 
9 44 8 44 8 45 
13 49 17 49 17 48 22 48 
49 14 46 14 46 20 45 20 45 25 49 25 
40 48 41 48 41 45 47 45 47 44 
14 22 14 23 24 23 24 21 
26 48 30 48 30 45 31 45 
32 40 32 41 44 41 44 40 
48 38 49 38 49 45 38 45 38 44 
10 37 10 42 9 42 
49 32 41 32 
42 1 41 1 41 10 
23 28 21 28 21 34 23 34 
43 44 36 44 36 40 37 40 
4 29 9 29 9 30 
49 4 49 13 
27 19 26 19 26 21 23 21 
26 34 21 34 21 27 23 27 
15 46 16 46 16 39 17 39 
22 41 24 41 24 38 23 38 
19 25 21 25 21 23 26 23 26 22 
38 39 47 39 47 36 48 36 
31 42 32 42 32 37 34 37 
46 27 47 27 47 34 45 34 
45 20 46 20 46 16 50 16 
1 27 4 27 4 25 6 25 
45 0 47 0 47 11 44 11 
3 44 3 43 8 43 8 34 7 34 
7 25 0 25 0 31 
26 41 29 41 29 42 31 42 
18 47 17 47 17 50 26 50 
23 39 25 39 25 32 26 32 
24 29 25 29 25 33 26 33 
10 30 21 30 21 28 
27 31 25 31 25 26 26 26 
2 37 9 37 9 29 
36 26 37 26 37 31 
10 23 11 23 11 27 9 27 
42 48 42 45 41 45 
29 27 31 27 31 25 35 25 
0 35 1 35 1 41 7 41 
1 43 2 43 2 47 9 47 9 46 
44 5 44 6 
12 37 9 37 
20 35 20 33 9 33 9 32 
48 39 39 39 39 40 
26 2 22 2 22 1 
6 34 11 34 11 35 12 35 
42 13 39 13 39 6 47 6 47 2 45 2 
12 26 11 26 11 23 
35 31 37 31 37 33 47 33 47 35 46 35 
23 21 23 23 13 23 13 20 
5 39 6 39 6 34 7 34 
19 39 21 39 21 34 27 34 27 33 
42 34 38 34 38 31 
40 37 31 37 31 35 
20 39 20 41 24 41 24 49 
24 35 24 36 35 36 35 41 34 41 
7 25 14 25 14 30 15 30 
46 34 37 34 37 30 36 30 
36 34 37 34 37 38 41 38 
34 45 36 45 36 47 
8 2 11 2 11 0 12 0 
43 28 42 28 42 22 41 22 
50 25 50 29 39 29 
49 40 49 38 
30 34 30 31 
20 50 22 50 22 42 23 42 
0 42 2 42 2 47 10 47 10 45 
16 31 16 37 6 37 
49 25 50 25 50 30 46 30 
23 49 24 49 24 45 17 45 
38 39 49 39 49 46 46 46 
49 16 50 16 50 17 
0 46 0 46 
14 39 14 41 7 41 7 42 5 42 
37 33 37 34 41 34 
10 37 9 37 9 29 
29 29 31 29 31 36 35 36 35 35 
14 36 14 37 18 37 18 44 19 44 
37 37 35 37 35 43 30 43 
46 24 44 24 44 28 43 28 
34 32 34 33 39 33 
32 43 32 46 26 46 
35 46 32 46 32 40 
33 44 36 44 36 50 35 50 
21 49 16 49 
28 37 35 37 35 41 38 41 
45 27 50 27 50 33 41 33 
8 31 7 31 7 34 0 34 
46 49 46 50 39 50 
36 43 35 43 35 38 38 38 
38 36 31 36 31 38 
42 20 42 25 41 25 
9 29 9 25 1 25 1 24 
34 19 35 19 35 21 37 21 
7 48 5 48 5 41 4 41 
35 28 37 28 37 24 43 24 
18 3 28 3 28 1 29 1 
29 36 31 36 31 28 
19 44 28 44 
29 2 29 0 26 0 
24 35 24 36 32 36 32 35 
22 37 21 37 21 40 22 40 
14 2 11 2 11 1 
47 45 41 45 41 46 
33 49 37 49 37 50 41 50 
34 48 36 48 36 45 44 45 44 42 
39 38 37 38 37 36 28 36 28 35 
30 36 32 36 32 34 
31 36 37 36 37 34 
37 38 41 38 41 39 45 39 
40 35 39 35 39 42 
47 46 38 46 38 48 
11 28 12 28 12 25 0 25 0 30 
34 47 29 47 29 48 28 48 
49 26 42 26 42 25 
14 26 14 23 10 23 
0 48 2 48 2 43 0 43 
22 36 26 36 26 40 
49 20 46 20 46 18 47 18 
42 2 47 2 47 7 45 7 
43 4 47 4 
43 17 46 17 46 13 44 13 
14 2 11 2 11 3 3 3 
42 25 34 25 34 26 33 26 
10 29 12 29 12 30 17 30 
13 31 11 31 11 37 10 37 
32 23 35 23 35 24 36 24 
45 5 43 5 43 4 
9 46 10 46 10 40 9 40 
41 21 42 21 42 16 
40 47 44 47 44 43 43 43 
4 36 4 41 0 41 
17 28 18 28 18 29 
24 49 21 49 21 50 14 50 14 44 16 44 
2 1 0 1 0 0 
30 40 25 40 25 32 24 32 
28 46 26 46 26 48 23 48 
4 46 5 46 5 43 8 43 8 38 
37 43 36 43 36 44 26 44 26 42 
23 34 31 34 31 38 
0 41 10 41 10 45 
1 48 5 48 5 41 
24 47 24 44 33 44 33 42 
46 21 45 21 45 25 49 25 
4 37 4 37 
10 46 12 46 12 43 
27 33 16 33 16 35 17 35 
42 40 42 38 37 38 37 32 
23 24 21 24 21 27 16 27 
38 46 35 46 
31 24 31 28 38 28 38 29 
29 1 32 1 
10 27 16 27 16 29 19 29 
50 38 44 38 
17 35 16 35 16 28 19 28 
33 30 31 30 31 27 
34 42 32 42 32 38 
50 19 46 19 46 13 
16 48 16 41 19 41 19 40 
50 3 49 3 49 8 
49 30 43 30 
8 47 14 47 14 50 13 50 
20 43 20 41 25 41 25 36 
3 39 1 39 1 33 
17 35 16 35 16 29 15 29 
36 32 37 32 37 26 40 26 
10 44 10 45 18 45 18 43 19 43 
43 33 49 33 49 41 48 41 
12 41 21 41 21 35 22 35 
40 28 33 28 33 27 
9 47 18 47 18 46 20 46 
44 45 44 45 
40 47 36 47 36 39 
24 48 24 41 16 41 16 43 
1 27 9 27 9 28 
34 47 39 47 39 49 40 49 
3 28 2 28 2 34 
29 47 26 47 26 45 18 45 
14 33 21 33 21 40 23 40 
34 47 33 47 33 46 34 46 
25 42 24 42 24 44 30 44 30 47 
42 45 38 45 38 44 33 44 33 40 
47 18 46 18 46 8 
22 43 22 44 29 44 29 41 
50 10 49 10 49 6 
9 39 10 39 10 47 2 47 2 46 
11 50 11 47 3 47 3 46 
10 3 9 3 9 1 8 1 
27 27 19 27 19 28 
4 35 4 34 7 34 7 32 
30 44 36 44 36 49 40 49 
11 29 12 29 12 27 9 27 
17 40 16 40 16 36 
46 31 42 31 42 35 41 35 
5 2 5 3 4 3 
18 43 18 42 14 42 
35 36 37 36 37 33 43 33 43 30 
50 39 49 39 49 34 48 34 
43 42 44 42 44 48 42 48 
34 47 32 47 32 39 31 39 
32 45 32 44 29 44 29 37 
23 29 25 29 25 32 26 32 
39 33 37 33 37 28 30 28 30 27 
46 36 49 36 49 32 50 32 50 27 46 27 
49 48 45 48 45 43 
30 42 29 42 29 39 26 39 
13 49 14 49 14 45 16 45 16 42 
42 34 42 26 41 26 
0 33 8 33 
8 46 8 47 4 47 
36 41 36 44 28 44 28 43 
46 33 42 33 42 27 40 27 
23 39 24 39 24 44 34 44 34 43 
11 47 10 47 10 39 7 39 
26 28 25 28 25 34 29 34 29 35 
42 47 42 50 43 50 
8 37 2 37 2 36 
46 26 39 26 39 22 
43 14 46 14 46 7 44 7 
49 40 49 41 38 41 38 42 
21 44 16 44 16 40 
4 31 5 31 5 34 11 34 11 37 14 37 
28 34 21 34 21 31 17 31 
18 41 11 41 11 33 10 33 
40 40 41 40 41 41 43 41 
45 29 42 29 42 32 39 32 39 37 38 37 
10 45 10 36 11 36 
39 30 39 27 45 27 45 25 46 25 
14 32 16 32 16 41 6 41 6 39 5 39 
38 47 39 47 39 46 48 46 
47 50 44 50 44 45 38 45 38 43 
50 33 40 33 40 34 
9 34 15 34 
27 47 24 47 24 41 16 41 16 43 
20 35 21 35 21 30 
25 48 17 48 17 43 
44 7 46 7 46 14 
2 39 1 39 1 34 0 34 
26 26 21 26 21 29 19 29 
36 37 33 37 33 40 
45 8 49 8 49 4 
21 30 21 27 22 27 
34 35 34 36 29 36 29 40 30 40 
25 44 24 44 24 41 18 41 18 42 
48 9 46 9 46 13 45 13 
15 38 21 38 21 32 20 32 
42 47 35 47 35 50 33 50 
37 47 39 47 39 45 46 45 46 43 
46 45 39 45 39 50 37 50 
4 42 2 42 2 46 0 46 
10 34 4 34 4 38 3 38 
30 45 30 44 39 44 39 40 
3 1 0 1 0 0 
48 5 49 5 49 13 47 13 
1 28 7 28 7 36 
34 41 42 41 42 42 43 42 
22 25 16 25 16 28 17 28 
28 44 36 44 36 48 
45 2 47 2 47 11 43 11 
22 49 11 49 11 48 
50 45 44 45 44 44 
34 33 33 33 33 40 
2 40 2 38 3 38 
44 17 44 25 46 25 
43 28 45 28 45 22 47 22 
43 50 44 50 44 47 
47 37 47 38 37 38 37 36 36 36 
18 28 18 33 17 33 
24 33 25 33 25 38 27 38 
48 36 49 36 49 33 38 33 38 30 
50 40 49 40 49 45 44 45 44 49 43 49 
43 7 43 2 41 2 
33 46 36 46 36 44 26 44 26 42 
15 47 16 47 16 41 15 41 
43 49 44 49 44 42 42 42 
33 41 32 41 32 47 29 47 
26 34 28 34 28 36 35 36 35 35 
1 49 2 49 2 45 1 45 
22 37 18 37 18 35 
27 50 30 50 
16 31 16 33 15 33 
32 25 31 25 31 31 27 31 
41 42 41 45 
8 44 8 40 1 40 1 35 
31 38 32 38 32 42 34 42 
14 35 12 35 12 40 8 40 8 43 6 43 
15 31 16 31 16 41 20 41 
4 27 15 27 15 33 13 33 
28 41 29 41 29 44 36 44 36 48 
28 48 24 48 24 41 
35 30 31 30 31 33 
20 32 21 32 21 37 14 37 
45 19 44 19 44 16 43 16 
45 50 49 50 49 48 
12 0 17 0 
50 25 45 25 45 20 46 20 46 15 
29 27 21 27 21 30 19 30 
35 45 36 45 36 46 32 46 32 48 
6 31 7 31 7 34 15 34 15 36 
43 37 44 37 44 42 
33 34 32 34 32 41 
22 36 28 36 28 33 27 33 
2 24 2 25 12 25 12 29 
11 28 15 28 15 36 
18 43 18 45 22 45 
16 45 14 45 14 50 10 50 
15 1 14 1 
19 2 17 2 17 0 
50 14 49 14 49 7 50 7 
37 33 43 33 43 35 
9 41 1 41 1 39 0 39 
5 38 5 40 12 40 12 37 
28 38 25 38 25 41 18 41 18 40 
48 2 49 2 49 4 48 4 
28 44 22 44 22 47 19 47 
21 38 16 38 16 34 15 34 
31 50 32 50 32 39 34 39 
40 33 44 33 44 43 
20 44 21 44 21 47 
13 46 13 47 2 47 2 42 
25 24 23 24 
15 42 17 42 
0 39 1 39 1 45 6 45 
7 28 7 34 9 34 9 35 
12 35 12 34 20 34 
50 47 49 47 49 45 42 45 
11 25 3 25 3 23 
23 48 24 48 24 38 
14 43 14 47 7 47 7 44 
43 28 37 28 37 26 36 26 
49 24 45 24 45 21 40 21 
45 42 45 43 
40 4 39 4 39 15 42 15 
41 35 42 35 42 29 45 29 
9 29 16 29 16 32 18 32 
2 47 10 47 10 40 
12 48 12 43 11 43 
14 20 14 21 19 21 
9 23 16 23 16 24 
23 47 24 47 24 44 29 44 29 42 
8 28 12 28 
43 44 44 44 44 47 45 47 
42 6 39 6 39 16 43 16 
39 42 39 44 30 44 30 45 
25 32 32 32 32 31 36 31 
1 30 1 39 0 39 
5 46 5 41 12 41 12 38 
43 19 42 19 42 13 
29 45 29 50 27 50 
8 1 9 1 9 2 
19 48 17 48 17 49 16 49 
5 26 8 26 8 30 
24 31 21 31 21 32 20 32 
15 27 18 27 18 28 
22 40 22 41 18 41 18 42 
35 38 35 44 30 44 30 45 
41 48 39 48 39 49 34 49 
5 40 12 40 12 38 14 38 
2 21 0 21 0 24 1 24 
28 30 28 38 30 38 
1 41 4 41 4 36 5 36 
15 28 15 33 24 33 24 32 
46 32 47 32 47 36 44 36 
22 31 21 31 21 39 17 39 17 40 
27 45 26 45 26 50 25 50 
50 37 49 37 49 31 47 31 
5 32 4 32 4 25 12 25 12 28 
13 37 7 37 
14 38 12 38 12 34 7 34 7 30 
39 1 39 2 44 2 44 3 
41 35 41 42 43 42 
37 50 44 50 44 48 45 48 
6 28 3 28 3 31 2 31 
7 50 5 50 5 40 4 40 
32 3 33 3 33 1 37 1 
34 40 35 40 35 36 28 36 28 33 29 33 
23 40 24 40 24 41 16 41 16 44 17 44 
45 40 44 40 44 38 37 38 37 36 34 36 
47 14 46 14 46 20 44 20 44 24 
40 50 44 50 44 47 
20 37 24 37 24 38 
7 40 9 40 9 34 10 34 
23 39 24 39 24 50 27 50 
40 35 37 35 37 36 31 36 31 32 
23 39 24 39 24 33 
3 31 5 31 5 34 6 34 6 36 
27 33 27 34 21 34 21 39 20 39 
47 22 46 22 46 23 
20 44 25 44 25 39 26 39 
40 38 42 38 42 35 
6 31 16 31 16 35 
50 42 49 42 49 39 39 39 
24 29 21 29 21 25 15 25 15 26 
19 47 14 47 14 49 9 49 
27 23 21 23 21 21 20 21 
13 27 4 27 4 32 
17 35 16 35 16 31 18 31 
49 30 50 30 50 26 44 26 44 25 
48 42 49 42 49 45 39 45 39 49 
12 41 14 41 14 50 10 50 
41 37 34 37 
50 35 49 35 49 39 47 39 
30 31 28 31 28 38 
31 44 26 44 26 46 
27 2 35 2 
38 28 30 28 30 27 29 27 
6 42 2 42 
1 50 2 50 2 39 5 39 
30 31 36 31 
31 49 36 49 36 50 
43 42 44 42 44 48 50 48 
42 38 39 38 39 37 
4 32 5 32 5 31 7 31 
34 46 39 46 39 48 40 48 
37 46 39 46 39 45 49 45 49 41 45 41 
5 23 6 23 6 22 10 22 
31 34 21 34 21 31 20 31 
34 27 42 27 42 29 44 29 
9 32 9 33 2 33 2 35 0 35 
15 50 20 50 20 46 
47 23 46 23 46 15 45 15 
16 40 5 40 5 38 
48 22 46 22 46 17 
25 50 17 50 17 44 
16 43 16 41 24 41 24 48 25 48 
35 42 35 41 33 41 
12 43 12 41 9 41 
15 35 16 35 16 39 11 39 
13 32 14 32 14 27 3 27 3 30 
27 28 31 28 31 27 
7 50 7 49 14 49 14 44 16 44 
50 28 45 28 45 20 49 20 
42 21 42 15 
36 44 32 44 32 34 33 34 
13 36 14 36 14 39 18 39 
44 11 47 11 47 4 45 4 
21 47 22 47 22 43 
23 43 22 43 22 44 21 44 
3 46 3 43 1 43 1 39 
37 48 36 48 36 45 46 45 46 44 
44 35 44 39 47 39 47 44 46 44 
43 9 46 9 46 18 
29 37 32 37 32 41 34 41 
29 39 32 39 32 41 
8 0 11 0 11 2 
50 46 44 46 44 43 42 43 
26 35 26 34 18 34 18 35 
48 39 49 39 49 47 44 47 
26 45 26 44 32 44 32 38 
39 43 38 43 38 45 49 45 49 42 
22 42 22 46 20 46 
40 26 44 26 44 21 42 21 
45 21 46 21 46 19 
19 32 21 32 21 37 24 37 
43 40 44 40 44 32 41 32 
31 44 39 44 39 48 40 48 
14 34 5 34 5 33 
17 26 19 26 19 28 
20 22 21 22 21 23 20 23 
46 44 47 44 47 40 
23 30 21 30 21 34 19 34 
23 29 30 29 30 30 32 30 
4 36 4 34 9 34 9 36 
17 40 16 40 16 33 12 33 
4 24 9 24 
44 33 42 33 42 31 
18 24 18 22 19 22 
2 45 4 45 4 36 
14 2 17 2 17 1 16 1 
45 39 49 39 49 35 
11 38 21 38 21 34 
29 35 28 35 28 34 17 34 17 35 
23 27 15 27 15 31 
49 38 49 36 45 36 
44 16 48 16 48 15 
45 39 39 39 39 33 35 33 
8 23 3 23 
4 33 11 33 11 30 13 30 
26 37 21 37 21 31 18 31 
17 0 11 0 
22 32 21 32 21 27 14 27 14 26 13 26 
45 40 44 40 44 44 40 44 
42 35 42 36 46 36 
19 49 26 49 26 47 
17 50 16 50 16 41 20 41 20 40 
47 30 50 30 50 26 45 26 45 21 46 21 
30 27 21 27 21 24 19 24 
33 39 33 41 39 41 39 42 40 42 
38 44 41 44 41 36 43 36 
39 45 41 45 41 41 42 41 
31 40 29 40 29 44 36 44 36 45 35 45 
22 50 20 50 20 47 
25 2 26 2 26 0 27 0 
30 37 37 37 37 38 
8 50 2 50 2 44 1 44 
37 48 36 48 36 44 29 44 29 40 31 40 
12 32 10 32 
41 28 32 28 32 35 
50 32 45 32 
11 31 15 31 15 28 
47 49 47 47 39 47 
42 47 49 47 49 40 50 40 
7 35 8 35 8 41 6 41 
10 35 12 35 12 39 15 39 
13 35 13 34 5 34 5 32 4 32 
50 19 46 19 46 21 41 21 
25 37 25 33 30 33 
5 42 7 42 7 41 16 41 16 36 15 36 
4 49 3 49 3 46 
13 38 12 38 12 41 4 41 4 42 
21 21 21 23 14 23 14 20 
20 28 21 28 21 33 16 33 16 35 15 35 
19 22 17 22 17 25 14 25 
10 50 10 46 
44 36 49 36 49 42 
49 11 49 6 
17 42 16 42 16 32 12 32 
19 44 11 44 
42 5 43 5 43 1 42 1 
30 40 29 40 29 44 24 44 24 49 23 49 
40 41 49 41 49 44 50 44 
41 32 37 32 37 42 
29 45 29 34 
8 25 12 25 12 27 17 27 
6 20 6 20 
1 1 7 1 7 0 
49 18 46 18 46 20 45 20 45 23 
21 43 22 43 22 50 12 50 
50 42 49 42 49 47 44 47 
47 22 50 22 50 32 45 32 
16 41 18 41 18 36 
50 20 46 20 46 15 45 15 
3 50 5 50 
15 27 10 27 10 28 
42 34 44 34 44 41 
1 44 2 44 2 46 
20 50 24 50 24 46 
4 33 7 33 7 29 8 29 
44 35 44 33 47 33 47 29 45 29 
43 41 44 41 44 45 39 45 39 47 
48 3 49 3 49 14 44 14 
29 50 32 50 32 44 26 44 26 43 
3 47 14 47 14 50 13 50 
45 19 46 19 46 10 48 10 
20 38 21 38 21 37 27 37 
45 32 47 32 
11 46 10 46 10 40 4 40 4 36 5 36 
25 47 24 47 24 50 14 50 14 46 15 46 
19 44 18 44 18 34 19 34 
18 34 16 34 16 43 15 43 
9 46 10 46 10 40 6 40 
23 41 14 41 14 36 
46 34 47 34 47 38 50 38 
6 38 6 39 9 39 
13 43 12 43 12 35 9 35 
40 0 34 0 34 2 32 2 
12 2 4 2 
29 46 32 46 32 43 31 43 
17 33 18 33 18 44 19 44 
46 35 47 35 47 39 
48 43 49 43 49 45 41 45 41 49 
3 45 3 41 12 41 12 38 
45 31 47 31 47 28 44 28 
1 50 5 50 5 46 6 46 
16 46 18 46 
17 33 18 33 18 31 
48 42 49 42 49 49 48 49 
9 28 5 28 5 29 
35 28 42 28 42 25 
21 2 20 2 
35 3 35 2 38 2 
43 38 47 38 47 37 50 37 
30 43 29 43 29 40 27 40 
26 40 31 40 
24 23 27 23 27 24 
34 35 34 36 24 36 24 39 23 39 
39 45 41 45 41 36 
33 39 33 37 37 37 37 34 41 34 
42 0 42 1 
42 25 42 27 38 27 38 29 
23 37 25 37 25 41 22 41 
27 36 32 36 32 31 33 31 
43 24 39 24 39 23 
13 41 22 41 22 43 
43 13 46 13 46 22 47 22 
50 24 44 24 44 28 43 28 
25 32 31 32 31 30 
17 26 16 26 16 27 6 27 6 29 
45 37 37 37 37 30 36 30 
19 33 16 33 16 45 13 45 13 43 
10 42 10 45 
0 37 1 37 1 40 10 40 10 39 
41 47 39 47 39 48 
7 35 6 35 6 37 5 37 
44 30 47 30 47 37 46 37 
27 2 38 2 38 3 
18 3 22 3 22 2 27 2 
37 49 30 49 30 50 
18 33 15 33 15 29 8 29 
32 38 32 44 25 44 25 45 
15 36 15 37 18 37 18 43 
48 2 47 2 47 0 
44 22 46 22 46 14 
19 29 25 29 25 28 27 28 
1 31 3 31 3 28 6 28 
9 34 21 34 21 36 20 36 
38 36 37 36 37 41 
45 29 42 29 42 34 41 34 
45 13 45 15 44 15 
28 46 24 46 24 40 22 40 
24 19 26 19 26 21 27 21 
13 27 9 27 9 31 8 31 
30 37 28 37 28 33 27 33 
5 43 1 43 1 35 3 35 
5 37 4 37 4 41 5 41 
25 26 30 26 30 25 
13 41 10 41 10 40 8 40 
31 40 32 40 32 50 27 50 
32 33 32 36 25 36 25 43 27 43 
28 36 29 36 29 42 27 42 
45 3 44 3 44 5 
20 39 12 39 12 38 
9 47 12 47 12 36 13 36 
27 42 28 42 
41 37 37 37 37 30 36 30 
27 30 27 34 22 34 22 35 
17 34 22 34 22 35 
47 42 47 31 49 31 
50 34 49 34 49 37 50 37 
15 37 16 37 16 39 
27 44 32 44 32 41 
44 44 44 45 39 45 39 50 37 50 
39 32 35 32 
36 36 37 36 37 28 42 28 42 29 44 29 
36 42 35 42 35 36 26 36 26 37 
45 31 47 31 47 40 46 40 
38 37 37 37 37 35 
37 44 38 44 38 45 47 45 47 38 
10 25 14 25 14 26 
47 28 48 28 48 25 47 25 
48 17 46 17 46 23 48 23 
44 44 34 44 34 39 
41 14 42 14 42 20 43 20 
11 44 11 42 
5 44 6 44 6 43 8 43 8 37 7 37 
50 5 50 5 
19 20 19 23 29 23 29 20 28 20 
47 13 48 13 48 9 
3 44 1 44 1 37 0 37 
0 36 1 36 1 31 2 31 
13 26 12 26 12 31 9 31 
49 0 42 0 
43 18 44 18 44 26 42 26 
35 43 36 43 36 44 34 44 
33 45 33 41 39 41 39 39 
43 31 42 31 42 26 45 26 45 23 
26 31 21 31 21 32 18 32 
47 45 45 45 45 47 
15 38 12 38 12 39 9 39 
36 27 44 27 44 25 
41 42 41 47 39 47 
35 41 36 41 36 47 45 47 
37 25 37 27 50 27 50 31 47 31 
27 43 24 43 24 50 22 50 
42 6 39 6 39 13 41 13 
33 34 32 34 32 29 
48 36 49 36 49 33 44 33 
40 41 44 41 44 49 
46 37 47 37 47 45 40 45 
7 40 12 40 12 44 
44 41 44 48 
8 43 5 43 5 47 0 47 0 46 
50 18 46 18 46 13 45 13 
31 33 31 34 24 34 24 30 
24 27 16 27 16 30 15 30 
13 40 16 40 16 46 
33 29 34 29 34 28 44 28 44 30 
39 45 38 45 38 44 29 44 29 38 30 38 
41 29 50 29 50 30 48 30 
44 14 49 14 49 5 47 5 
21 26 21 25 16 25 16 24 12 24 
24 34 18 34 18 35 
6 38 6 40 10 40 10 49 8 49 
48 29 45 29 45 19 50 19 
16 11 24 11 
45 41 49 41 49 32 45 32 
28 29 30 29 30 28 37 28 37 34 38 34 
18 49 14 49 14 45 9 45 
21 0 25 0 25 1 26 1 
18 41 24 41 24 46 25 46 
12 25 17 25 17 22 19 22 
32 3 31 3 31 2 27 2 
12 44 12 40 
0 50 9 50 
45 21 46 21 46 13 44 13 
13 37 12 37 12 43 
10 33 7 33 7 36 
12 34 2 34 2 30 
50 47 46 47 46 42 
45 28 50 28 50 32 49 32 49 37 
40 43 41 43 41 37 38 37 
1 28 2 28 2 34 11 34 
3 22 4 22 4 26 5 26 
7 41 16 41 16 35 
14 29 10 29 10 32 6 32 
34 43 34 44 24 44 24 37 
48 49 38 49 
44 30 44 31 
34 31 38 31 38 32 40 32 
37 42 36 42 36 46 43 46 
49 23 50 23 50 32 46 32 
0 36 1 36 1 44 5 44 
44 32 44 25 45 25 
42 3 43 3 43 2 
45 42 50 42 
42 43 42 44 31 44 31 45 
26 41 26 43 27 43 
13 34 15 34 15 28 14 28 
41 29 47 29 47 35 
45 26 44 26 44 27 43 27 
50 25 48 25 48 23 46 23 
1 26 9 26 9 32 
28 40 30 40 
43 34 47 34 47 35 
49 48 50 48 50 47 48 47 
33 50 36 50 36 43 41 43 
15 50 16 50 16 41 
45 39 41 39 41 37 40 37 
22 27 16 27 16 28 
11 37 16 37 16 40 
11 44 11 33 9 33 
22 46 28 46 
10 31 16 31 16 33 21 33 21 36 20 36 
42 45 44 45 44 41 43 41 
8 40 4 40 4 37 
43 20 42 20 42 19 
2 32 2 29 1 29 
34 34 31 34 31 38 30 38 
6 43 2 43 
15 44 14 44 14 49 17 49 
43 24 44 24 44 17 43 17 
2 42 1 42 
41 16 42 16 42 26 
22 41 18 41 18 38 17 38 
11 45 13 45 13 44 
5 35 5 34 15 34 15 31 
4 47 10 47 10 39 9 39 
14 28 14 25 4 25 4 31 5 31 
10 48 10 47 14 47 
2 47 5 47 5 42 6 42 
42 6 39 6 39 15 44 15 
45 49 46 49 
29 44 36 44 36 47 34 47 
49 38 47 38 47 37 
3 46 3 43 1 43 1 37 0 37 
39 41 37 41 37 32 
11 29 12 29 12 26 3 26 
9 34 16 34 16 33 
31 1 34 1 34 0 35 0 
26 50 26 44 28 44 28 42 
15 46 16 46 16 37 18 37 
36 37 32 37 32 45 
13 29 7 29 7 30 
14 32 11 32 11 36 
44 22 46 22 46 12 44 12 
27 44 25 44 25 37 
7 31 9 31 9 38 10 38 
15 50 22 50 22 43 23 43 
22 49 16 49 
28 20 29 20 29 23 19 23 19 22 
45 3 47 3 47 7 44 7 
27 40 26 40 26 34 22 34 22 35 
19 33 21 33 21 34 26 34 26 35 
26 45 26 44 36 44 36 41 34 41 
4 48 5 48 5 42 7 42 
49 27 44 27 44 23 
34 48 36 48 36 44 29 44 29 45 
49 29 50 29 50 33 40 33 40 35 
38 50 36 50 36 46 29 46 29 47 
40 46 44 46 44 43 43 43 
17 41 14 41 14 40 
31 30 34 30 34 33 36 33 
23 36 24 36 24 39 
38 29 37 29 37 28 
41 46 41 45 47 45 47 43 
20 44 18 44 18 41 11 41 11 42 
2 43 8 43 8 36 7 36 
20 23 9 23 
5 1 4 1 4 0 
47 17 49 17 
31 47 39 47 39 45 
15 45 22 45 22 43 23 43 
22 50 23 50 23 47 
20 25 21 25 21 29 30 29 
7 47 2 47 2 43 1 43 
13 48 14 48 14 45 18 45 18 42 19 42 
19 1 17 1 17 3 14 3 
45 31 43 31 43 35 
40 28 42 28 42 20 
19 24 14 24 14 26 9 26 
19 49 24 49 24 39 
6 39 6 40 2 40 2 48 1 48 
47 37 49 37 49 32 50 32 50 27 47 27 
38 46 32 46 32 50 27 50 
20 49 19 49 19 50 14 50 14 43 13 43 
30 32 34 32 34 33 
27 46 24 46 24 41 21 41 21 40 
18 50 14 50 14 46 9 46 
24 41 16 41 16 36 
4 37 4 41 
50 42 49 42 49 34 
33 30 32 30 32 37 35 37 
30 41 29 41 29 44 24 44 24 47 
44 20 47 20 
47 21 46 21 46 12 
45 19 45 20 44 20 
12 33 12 34 4 34 4 36 
9 46 14 46 14 43 
7 2 17 2 17 0 18 0 
46 4 47 4 47 7 46 7 
20 33 21 33 21 35 
33 39 26 39 26 42 
21 1 22 1 
13 36 14 36 14 37 16 37 16 43 
7 36 7 38 
2 30 4 30 4 25 12 25 12 29 11 29 
46 47 49 47 49 37 44 37 
27 50 28 50 28 49 33 49 
44 34 37 34 37 28 
35 34 31 34 31 35 
19 49 18 49 18 38 19 38 
30 43 30 44 24 44 24 38 22 38 
36 27 37 27 37 31 32 31 
26 38 26 36 31 36 31 32 35 32 
35 10 33 10 
48 6 38 6 38 4 
32 15 39 15 39 6 38 6 
37 7 39 7 39 11 44 11 
38 18 37 18 37 24 45 24 45 22 46 22 
32 9 29 9 29 1 31 1 
37 9 36 9 36 10 
37 20 35 20 35 17 42 17 42 16 43 16 
43 11 40 11 40 15 
30 17 29 17 29 7 31 7 
37 10 36 10 36 2 32 2 
30 8 29 8 29 7 28 7 
32 5 29 5 29 14 28 14 
45 1 49 1 49 11 41 11 
1 11 2 11 2 8 9 8 9 4 
37 12 38 12 38 14 47 14 
31 19 35 19 35 23 
42 24 37 24 37 20 
44 4 43 4 43 8 38 8 
48 16 46 16 46 20 45 20 45 26 42 26 
47 4 47 2 39 2 39 1 
33 11 34 11 34 17 32 17 
39 20 46 20 46 13 48 13 
34 8 36 8 36 1 37 1 
34 28 37 28 37 39 
47 13 40 13 40 12 
44 0 36 0 36 7 37 7 
33 35 31 35 31 27 
38 2 39 2 39 12 37 12 
41 10 39 10 39 4 38 4 
36 15 40 15 40 13 41 13 
41 19 35 19 
41 25 42 25 42 33 47 33 47 35 
37 2 39 2 39 13 
39 10 39 6 49 6 49 4 
46 10 49 10 49 6 38 6 38 4 
31 18 34 18 34 7 35 7 
43 23 37 23 37 28 38 28 
33 13 34 13 34 18 35 18 35 23 32 23 
43 15 46 15 46 9 50 9 
38 20 37 20 37 28 34 28 34 30 33 30 
46 18 41 18 
32 23 35 23 35 20 
41 14 39 14 39 6 46 6 46 7 
33 10 33 4 
28 8 29 8 29 3 32 3 
37 24 37 34 39 34 
29 33 30 33 30 24 28 24 
25 31 25 26 26 26 26 20 27 20 
30 2 33 2 33 5 35 5 
31 14 34 14 34 19 33 19 
41 12 41 11 46 11 46 14 48 14 
28 9 28 11 
35 15 39 15 39 6 36 6 36 4 
36 0 36 11 37 11 
31 20 30 20 30 17 32 17 
40 20 35 20 35 16 36 16 
35 27 37 27 37 37 35 37 
34 4 36 4 36 5 38 5 
41 8 39 8 39 5 37 5 
38 4 36 4 36 8 34 8 34 9 
31 9 33 9 33 11 35 11 
48 4 49 4 49 6 41 6 41 10 
35 6 33 6 33 7 30 7 
31 4 34 4 34 2 35 2 
33 6 36 6 36 0 39 0 
41 0 41 7 40 7 
40 11 39 11 39 6 47 6 47 1 44 1 
31 9 29 9 29 18 28 18 
43 6 49 6 49 12 50 12 
40 21 44 21 44 18 45 18 
41 24 44 24 44 29 47 29 47 34 46 34 
28 31 30 31 30 22 29 22 
33 24 35 24 35 15 31 15 
33 2 29 2 29 14 33 14 
37 15 46 15 46 12 
38 19 44 19 44 25 45 25 
43 14 38 14 38 13 35 13 
40 6 39 6 39 13 37 13 
30 16 30 18 32 18 
36 15 35 15 35 23 32 23 
30 18 29 18 29 10 
34 26 35 26 35 20 34 20 
40 1 49 1 49 5 45 5 
34 4 36 4 36 7 39 7 
41 13 39 13 39 6 46 6 46 7 
41 21 37 21 37 25 36 25 
46 7 46 6 39 6 39 13 40 13 
36 4 33 4 33 0 32 0 
37 26 37 21 
34 14 34 17 42 17 42 20 
36 23 31 23 31 33 
29 5 29 4 30 4 
35 8 40 8 
38 11 38 21 39 21 
41 1 47 1 47 4 45 4 
32 16 33 16 33 22 32 22 
29 2 29 9 33 9 33 10 
39 4 41 4 41 3 
39 8 44 8 44 7 
36 16 35 16 35 25 31 25 
38 39 37 39 37 28 39 28 
33 26 29 26 29 20 31 20 
38 3 38 6 49 6 49 10 47 10 
30 6 31 6 31 4 34 4 
47 11 40 11 40 19 39 19 
33 15 33 14 29 14 29 6 30 6 
48 8 47 8 47 6 42 6 42 5 
31 18 34 18 34 15 36 15 
49 23 44 23 44 15 
28 19 29 19 29 30 
44 16 38 16 38 12 
40 2 36 2 36 8 
36 11 34 11 34 16 36 16 
46 11 49 11 49 6 39 6 39 5 
48 20 45 20 45 26 42 26 42 30 
40 20 37 20 37 29 36 29 
38 8 39 8 39 12 40 12 
26 10 26 18 27 18 
34 20 35 20 35 17 38 17 38 10 
42 9 42 8 46 8 
43 12 42 12 42 23 39 23 
48 13 48 16 41 16 
46 30 47 30 47 39 41 39 41 40 
30 29 30 21 27 21 
36 15 34 15 34 8 32 8 
43 5 43 6 49 6 49 15 
42 8 47 8 
42 11 49 11 49 1 46 1 
32 28 37 28 37 19 35 19 
37 3 36 3 36 13 
44 31 50 31 50 24 
47 16 46 16 46 17 40 17 
37 14 40 14 40 10 43 10 
29 15 30 15 30 21 
26 13 28 13 28 3 
39 18 37 18 37 28 40 28 40 29 41 29 
29 2 29 10 
44 5 44 6 36 6 36 9 
42 14 34 14 34 10 35 10 
30 5 34 5 34 0 35 0 
44 17 38 17 38 12 
39 18 40 18 40 19 47 19 
47 4 47 6 41 6 41 4 40 4 
36 22 32 22 32 32 
35 36 37 36 37 26 
37 1 39 1 39 10 
33 29 32 29 32 36 35 36 35 39 
46 18 38 18 38 14 37 14 
32 2 29 2 29 13 31 13 
27 15 26 15 26 24 
39 25 42 25 42 35 
40 27 44 27 44 18 45 18 
41 30 42 30 42 26 45 26 45 22 
36 14 38 14 38 15 42 15 
47 22 45 22 45 28 40 28 
49 30 50 30 50 26 44 26 44 23 43 23 
47 7 47 6 42 6 42 5 
35 8 34 8 34 17 36 17 
35 1 36 1 36 12 34 12 
36 17 35 17 35 19 37 19 
50 16 46 16 46 7 44 7 
37 15 42 15 42 20 43 20 
27 0 28 0 28 11 27 11 
35 13 39 13 39 5 
32 6 39 6 39 17 36 17 
47 4 49 4 49 11 42 11 
33 8 40 8 40 9 
37 6 43 6 43 10 42 10 
30 10 29 10 29 2 
40 17 38 17 38 14 36 14 
50 16 46 16 46 21 44 21 
46 2 47 2 47 6 39 6 39 12 41 12 
36 15 34 15 34 7 33 7 
36 37 37 37 37 26 40 26 
32 14 29 14 29 8 31 8 
27 35 27 36 31 36 31 24 30 24 
32 21 30 21 30 14 28 14 
45 4 45 6 36 6 36 3 
40 6 38 6 38 3 
47 14 38 14 38 12 37 12 
50 22 46 22 46 17 41 17 
33 15 34 15 34 11 36 11 
47 15 46 15 46 6 42 6 42 5 
49 20 42 20 42 12 
50 15 48 15 48 11 42 11 42 10 
29 9 29 11 31 11 
40 7 39 7 39 8 38 8 
37 13 39 13 39 6 41 6 41 5 
29 16 29 19 28 19 
32 15 34 15 34 13 35 13 
49 12 46 12 46 9 44 9 
25 15 26 15 26 17 27 17 
47 22 45 22 45 20 42 20 42 16 41 16 
38 3 38 6 49 6 49 10 47 10 
31 7 29 7 29 14 34 14 34 15 
49 1 47 1 47 6 40 6 40 7 
32 22 35 22 35 17 
36 12 34 12 34 9 35 9 
39 0 47 0 47 3 
27 8 29 8 29 15 27 15 
33 9 30 9 30 10 
28 16 29 16 29 26 31 26 
38 27 44 27 44 20 
41 14 40 14 40 17 35 17 35 21 34 21 
36 12 32 12 
39 21 40 21 40 12 
32 20 35 20 35 24 33 24 
36 15 40 15 40 11 43 11 
42 19 40 19 40 11 36 11 
36 5 36 1 35 1 
26 18 26 19 27 19 
36 0 38 0 38 4 39 4 
35 6 34 6 34 17 
41 18 40 18 40 9 
30 25 35 25 35 21 
49 20 44 20 44 19 
49 12 49 6 41 6 41 7 
35 14 35 24 30 24 
34 2 36 2 36 11 34 11 
38 11 40 11 40 21 41 21 
43 24 37 24 37 31 38 31 
37 18 34 18 34 11 31 11 
33 30 34 30 34 24 39 24 
28 9 29 9 29 17 27 17 
31 7 29 7 29 9 
35 31 31 31 31 22 
40 8 49 8 49 10 
38 10 38 9 
44 0 47 0 47 6 39 6 39 9 
48 20 44 20 44 23 43 23 
37 16 37 19 36 19 
27 11 26 11 26 17 
40 7 39 7 39 6 33 6 
36 18 35 18 35 22 34 22 
28 23 31 23 31 30 32 30 
39 0 36 0 36 8 35 8 
42 5 42 6 39 6 39 11 
45 10 45 8 37 8 37 9 
39 4 39 2 37 2 
35 13 39 13 39 9 
49 20 46 20 46 16 43 16 
35 12 34 12 34 11 32 11 
28 24 29 24 29 14 30 14 
48 9 49 9 49 6 41 6 41 3 40 3 
47 30 50 30 50 26 39 26 39 22 
31 13 36 13 36 3 37 3 
35 7 36 7 36 2 41 2 
46 2 39 2 39 5 
43 35 42 35 42 27 38 27 
41 12 39 12 39 3 
35 29 37 29 37 39 38 39 
28 28 31 28 31 23 26 23 
38 10 39 10 39 11 48 11 48 10 
32 12 34 12 34 14 35 14 
33 17 35 17 35 27 36 27 
32 26 31 26 31 28 37 28 37 34 38 34 
37 25 37 33 42 33 
41 21 46 21 46 12 47 12 
27 14 28 14 28 4 27 4 
40 23 42 23 42 33 43 33 
46 18 44 18 44 26 41 26 
41 21 37 21 37 31 38 31 
37 9 39 9 39 18 37 18 
40 9 39 9 39 6 49 6 49 3 48 3 
36 22 37 22 37 32 41 32 
35 10 39 10 39 16 
32 1 33 1 33 8 34 8 
31 3 31 10 
46 21 45 21 45 27 39 27 39 30 
40 28 39 28 39 38 
47 7 47 6 36 6 36 9 37 9 
41 26 41 28 34 28 34 33 
43 27 50 27 50 32 49 32 49 35 50 35 
50 6 39 6 39 13 43 13 
32 3 29 3 29 12 30 12 
34 30 31 30 31 21 
31 2 29 2 29 8 34 8 34 10 
39 31 39 21 
28 23 23 23 23 20 
28 13 28 7 22 7 
24 17 24 16 27 16 
29 11 29 14 24 14 24 17 
16 16 16 27 
13 1 15 1 15 12 
24 19 21 19 21 30 20 30 
34 20 29 20 29 25 
27 22 26 22 26 23 21 23 21 12 
25 20 35 20 35 19 
36 18 29 18 29 16 27 16 
19 5 18 5 18 10 19 10 
36 18 30 18 30 20 
20 18 21 18 21 28 19 28 
22 4 20 4 20 5 
18 20 17 20 17 17 
24 7 28 7 28 11 
26 22 26 23 21 23 21 28 23 28 
17 33 21 33 21 25 17 25 
23 20 23 23 31 23 31 25 
22 16 23 16 23 22 24 22 
28 3 28 0 37 0 
22 17 23 17 23 18 30 18 
42 3 41 3 41 2 30 2 30 3 
26 11 28 11 28 13 34 13 34 16 35 16 
15 12 14 12 14 16 
27 27 24 27 24 21 
28 22 30 22 30 17 33 17 
34 9 27 9 27 6 
23 19 23 11 22 11 
21 11 20 11 20 13 19 13 
23 3 29 3 29 4 
19 12 17 12 17 23 18 23 
24 17 23 17 23 23 30 23 30 24 
22 24 21 24 21 15 23 15 
27 21 26 21 26 14 24 14 24 12 
24 7 25 7 25 3 22 3 22 1 
17 24 21 24 21 31 20 31 
24 12 24 16 23 16 23 21 22 21 
27 23 31 23 31 30 35 30 
46 20 42 20 42 17 36 17 36 16 
30 5 31 5 31 6 39 6 39 12 
43 11 34 11 34 12 
34 12 34 11 44 11 44 9 45 9 
20 19 21 19 21 26 24 26 
33 9 33 6 41 6 41 3 42 3 
39 4 39 6 33 6 33 9 32 9 
46 10 49 10 49 6 36 6 36 9 35 9 
14 28 14 23 15 23 
28 2 25 2 25 11 
18 11 21 11 21 13 22 13 
40 4 41 4 41 0 32 0 
16 10 16 16 
37 12 36 12 36 13 28 13 28 10 
23 1 21 1 21 11 22 11 
29 28 37 28 37 22 36 22 
25 3 21 3 21 11 20 11 
17 7 17 16 20 16 
25 24 21 24 21 20 20 20 
18 0 17 0 17 6 
19 33 21 33 21 25 18 25 
28 21 35 21 35 16 36 16 
39 19 30 19 30 15 
40 7 36 7 36 2 31 2 31 1 
26 32 31 32 31 25 35 25 
13 6 15 6 15 15 
22 6 23 6 23 7 29 7 29 15 26 15 
40 3 40 2 34 2 34 4 32 4 
27 16 26 16 26 22 24 22 
35 9 36 9 36 6 45 6 45 5 
19 3 19 6 
24 3 25 3 25 10 24 10 24 15 
23 10 21 10 21 5 
23 9 29 9 29 17 28 17 
22 28 21 28 21 34 26 34 26 38 
30 23 37 23 37 29 36 29 
20 2 20 8 21 8 
23 14 28 14 28 8 27 8 
29 16 34 16 34 10 37 10 
26 17 26 14 24 14 24 13 
22 32 21 32 21 39 20 39 20 43 
27 8 25 8 25 3 22 3 
18 8 20 8 20 3 22 3 
19 37 16 37 16 27 17 27 
43 9 43 6 36 6 36 4 33 4 
21 13 21 12 22 12 
27 24 26 24 26 15 24 15 
20 17 17 17 17 21 19 21 
18 28 18 25 17 25 17 16 18 16 
20 14 20 4 16 4 
23 26 21 26 21 37 20 37 
16 9 17 9 
23 9 29 9 29 0 
15 15 17 15 17 22 
21 20 21 15 
19 31 21 31 21 23 25 23 25 22 
25 16 24 16 24 12 22 12 
30 16 30 17 40 17 40 10 
41 10 41 11 33 11 33 9 32 9 
46 10 49 10 49 6 36 6 36 7 35 7 
20 19 21 19 21 17 22 17 
24 16 21 16 21 22 20 22 
31 20 29 20 29 23 24 23 24 28 
15 7 17 7 17 18 15 18 
35 10 36 10 36 6 47 6 47 8 46 8 
15 17 16 17 16 27 
35 16 34 16 34 14 29 14 29 15 
39 19 37 19 37 23 30 23 
28 25 26 25 26 15 24 15 
23 7 26 7 26 13 25 13 
21 18 21 7 24 7 
24 4 25 4 25 3 24 3 
18 17 17 17 17 23 21 23 
19 4 18 4 18 9 17 9 
24 1 25 1 25 7 21 7 
24 15 26 15 26 6 
31 3 29 3 29 9 26 9 26 10 24 10 
28 17 38 17 38 12 37 12 
23 14 29 14 
15 4 15 13 17 13 
35 7 29 7 29 5 
25 17 26 17 26 25 24 25 
46 15 46 17 35 17 
23 28 21 28 21 37 24 37 
19 29 16 29 16 18 
27 19 26 19 26 23 22 23 22 22 
38 12 38 13 29 13 29 7 
32 13 28 13 28 11 26 11 
21 11 21 14 22 14 
18 7 20 7 20 16 19 16 
27 5 29 5 29 9 33 9 33 10 
25 13 24 13 24 16 22 16 
30 15 30 14 38 14 38 11 
21 11 21 8 17 8 17 0 
25 13 29 13 29 6 33 6 
26 7 29 7 29 4 35 4 
18 12 17 12 17 21 18 21 
15 11 15 10 
22 9 20 9 20 0 19 0 
22 15 17 15 17 24 18 24 
19 13 17 13 17 23 23 23 23 21 
36 18 37 18 37 28 30 28 
37 10 34 10 34 14 29 14 29 15 28 15 
16 4 16 8 18 8 
23 20 23 23 29 23 29 16 
32 8 25 8 25 4 
39 2 36 2 36 7 32 7 
31 16 29 16 29 11 26 11 
34 11 39 11 39 6 43 6 43 5 
26 5 29 5 29 14 20 14 
31 15 26 15 26 25 25 25 
29 12 34 12 
32 33 32 26 26 26 26 24 
23 16 24 16 24 14 28 14 28 11 
24 12 28 12 28 8 
19 12 18 12 18 7 
23 3 25 3 25 9 26 9 26 11 
22 11 20 11 20 13 19 13 
22 16 23 16 23 19 29 19 
22 2 20 2 20 13 19 13 
22 18 29 18 
16 31 16 23 17 23 17 20 
26 2 25 2 25 9 
25 10 27 10 27 11 28 11 
22 13 22 15 29 15 
19 26 21 26 21 23 26 23 26 20 25 20 
22 25 23 25 23 20 
25 6 25 4 19 4 
46 6 36 6 36 3 35 3 
25 11 29 11 
43 1 47 1 47 6 34 6 
24 5 21 5 21 15 22 15 
26 16 21 16 21 19 
16 4 17 4 17 6 20 6 
21 3 25 3 25 9 27 9 
20 11 18 11 18 6 
26 18 25 18 25 17 
22 9 18 9 18 14 
19 14 17 14 17 18 
27 5 25 5 25 4 22 4 
29 19 26 19 26 16 24 16 
18 9 17 9 17 20 16 20 
25 21 24 21 24 25 
15 4 15 12 14 12 
18 19 17 19 17 13 18 13 
38 3 37 3 37 4 27 4 
30 6 41 6 41 3 
44 7 44 6 36 6 36 5 35 5 
28 20 30 20 30 18 34 18 34 13 36 13 
27 12 24 12 24 13 22 13 
17 4 17 10 
25 11 25 13 30 13 
24 28 24 23 29 23 29 19 28 19 
32 9 33 9 33 11 39 11 39 9 
22 6 18 6 
28 7 29 7 29 8 34 8 
24 6 23 6 23 5 
30 18 38 18 38 16 
24 11 24 9 29 9 29 5 30 5 
48 21 37 21 37 18 
34 6 29 6 29 9 28 9 
26 17 30 17 30 16 31 16 
5 25 0 25 0 16 2 16 
21 12 21 14 27 14 27 13 28 13 
20 11 17 11 17 10 16 10 
16 10 16 9 
23 26 25 26 25 36 
42 17 35 17 35 18 33 18 
26 8 29 8 29 1 33 1 
30 3 30 2 38 2 38 3 
45 0 35 0 35 4 
22 13 21 13 21 7 26 7 
32 3 25 3 25 6 
19 7 18 7 18 5 17 5 
24 2 22 2 22 4 21 4 
41 5 41 2 31 2 31 1 
22 26 21 26 21 16 23 16 
19 11 17 11 17 19 
18 25 15 25 15 36 
36 12 36 13 28 13 28 10 27 10 
29 14 22 14 22 12 
15 17 17 17 17 22 16 22 
23 2 20 2 20 7 19 7 
38 10 36 10 36 2 31 2 31 1 
22 20 21 20 21 30 25 30 
33 23 27 23 27 30 
23 8 26 8 26 13 
24 20 26 20 26 25 27 25 
25 7 21 7 21 18 
17 4 18 4 18 12 
34 20 31 20 31 29 27 29 
25 12 25 7 24 7 
15 22 17 22 17 13 15 13 
30 29 31 29 31 23 26 23 26 20 25 20 
22 8 18 8 18 12 
34 7 39 7 39 14 43 14 
25 20 30 20 30 19 31 19 
5 10 6 10 6 6 12 6 12 4 
10 19 7 19 7 15 4 15 4 9 
0 11 11 11 11 12 
13 22 7 22 7 16 4 16 
9 15 7 15 7 26 
12 22 17 22 17 16 22 16 
0 19 0 16 
1 0 0 0 0 7 2 7 
1 13 0 13 0 4 2 4 
2 14 2 8 0 8 0 4 1 4 
1 17 2 17 2 14 0 14 
2 28 0 28 0 19 
0 3 0 13 1 13 
2 18 0 18 0 22 
2 18 0 18 0 27 1 27 
0 15 2 15 2 18 0 18 
1 19 0 19 0 28 2 28 
1 4 0 4 0 9 2 9 2 16 1 16 
2 23 0 23 0 14 1 14 
9 8 11 8 11 2 
1 23 0 23 0 16 
2 0 0 0 0 6 
1 6 0 6 0 8 1 8 
1 20 0 20 0 15 1 15 
10 2 17 2 17 9 18 9 
24 0 28 0 28 5 34 5 
20 5 20 9 28 9 28 12 
20 14 26 14 26 20 28 20 
32 19 29 19 29 23 23 23 23 20 
26 4 25 4 25 8 19 8 
0 15 0 25 3 25 
20 15 21 15 21 23 27 23 27 24 
21 11 17 11 17 14 16 14 
18 18 17 18 17 17 14 17 14 11 
29 24 29 23 21 23 21 16 
18 19 23 19 23 20 24 20 
17 13 17 8 23 8 23 7 
26 22 26 23 21 23 21 27 19 27 
12 33 14 33 14 26 
22 11 21 11 21 7 17 7 
23 15 30 15 30 18 33 18 
18 18 17 18 17 12 14 12 
23 15 17 15 
15 28 16 28 16 23 17 23 17 19 19 19 
22 10 21 10 21 9 29 9 29 5 31 5 
23 19 23 23 32 23 32 24 
12 25 12 14 
23 27 21 27 21 23 32 23 32 22 33 22 
31 24 31 23 21 23 21 17 22 17 
13 20 16 20 16 15 
14 2 17 2 17 6 18 6 
14 18 17 18 17 25 
12 1 12 4 
26 12 37 12 
14 1 17 1 17 7 
24 4 22 4 22 2 18 2 
28 14 21 14 21 18 20 18 
21 15 21 23 29 23 29 21 
14 0 17 0 17 8 
13 2 17 2 17 7 16 7 
27 19 39 19 
22 5 31 5 31 6 
24 7 21 7 21 10 18 10 
7 20 11 20 11 23 
3 19 11 19 
10 40 10 30 
18 23 21 23 21 26 25 26 25 28 26 28 
12 28 12 25 4 25 4 23 
25 25 17 25 17 21 16 21 
3 27 2 27 2 35 
6 26 4 26 4 33 5 33 
8 35 7 35 7 27 
0 38 1 38 1 33 7 33 7 29 
10 23 9 23 9 28 8 28 
13 40 9 40 9 34 7 34 7 30 
19 11 17 11 17 10 11 10 
15 16 17 16 17 18 21 18 21 20 22 20 
13 21 7 21 7 28 
11 20 12 20 12 17 19 17 19 16 
27 17 16 17 
25 15 24 15 24 14 18 14 
5 17 5 15 3 15 
27 22 26 22 26 23 21 23 21 19 19 19 
7 28 4 28 4 22 6 22 
22 28 21 28 21 23 13 23 13 22 
7 27 7 38 
1 19 0 19 0 20 7 20 7 24 
10 16 6 16 
8 35 9 35 9 26 
27 26 23 26 23 25 17 25 17 20 18 20 
6 16 7 16 7 20 11 20 
4 19 6 19 6 17 
1 18 0 18 0 20 12 20 12 19 
12 16 4 16 4 13 
5 22 0 22 0 19 2 19 
0 13 2 13 2 11 11 11 11 12 
4 23 7 23 7 17 8 17 
5 22 11 22 11 27 14 27 
6 20 11 20 11 28 
0 20 4 20 4 27 3 27 
9 20 12 20 12 17 14 17 
6 25 7 25 7 33 8 33 
1 22 4 22 4 27 7 27 7 30 
11 25 15 25 15 34 
0 12 4 12 4 13 6 13 
5 23 7 23 7 19 10 19 
5 28 5 34 9 34 9 38 
4 22 0 22 0 18 
3 22 11 22 11 19 10 19 
20 17 17 17 17 23 29 23 29 22 
17 15 23 15 23 19 24 19 
5 24 4 24 4 31 0 31 
17 23 15 23 15 32 13 32 
9 24 9 31 
4 3 15 3 15 0 
21 18 12 18 
19 20 19 17 12 17 12 16 
10 18 11 18 11 22 7 22 
0 25 4 25 4 32 6 32 
6 19 7 19 7 24 8 24 
15 20 7 20 7 24 
19 13 19 14 27 14 27 11 
0 31 0 25 6 25 6 24 
25 17 16 17 16 19 
10 13 9 13 9 14 
2 31 4 31 4 22 8 22 
8 32 7 32 7 25 5 25 
2 23 4 23 4 33 6 33 
20 23 21 23 21 33 14 33 
1 32 3 32 3 25 7 25 7 24 
8 31 9 31 9 39 10 39 10 42 11 42 
4 19 7 19 7 18 9 18 
17 34 16 34 16 27 12 27 12 26 
9 14 12 14 12 17 
1 24 4 24 4 34 6 34 
3 17 0 17 0 21 10 21 
2 23 0 23 0 18 4 18 
16 20 16 25 23 25 23 26 
15 16 17 16 17 18 21 18 21 20 20 20 
12 22 16 22 16 31 17 31 
17 26 16 26 16 37 12 37 12 36 
7 24 7 25 4 25 4 31 3 31 
9 27 5 27 5 36 
5 22 4 22 4 27 7 27 7 30 
8 31 8 41 12 41 12 42 
9 15 9 16 10 16 
6 19 7 19 7 17 
20 18 17 18 17 24 11 24 
2 23 0 23 0 20 10 20 10 18 
4 17 4 15 9 15 9 14 
32 21 29 21 29 23 21 23 21 17 22 17 
10 21 16 21 16 29 17 29 
8 17 7 17 7 21 
7 14 4 14 4 12 3 12 
23 15 14 15 14 16 12 16 
3 26 4 26 4 20 8 20 
11 15 8 15 8 14 
11 24 11 31 10 31 
12 13 19 13 
7 17 17 17 17 18 18 18 
4 22 12 22 12 17 
25 24 24 24 24 25 16 25 16 31 17 31 
20 12 17 12 17 13 9 13 9 12 
22 21 21 21 21 25 15 25 15 26 
14 18 16 18 16 14 19 14 
10 29 12 29 12 23 10 23 
12 16 12 17 17 17 17 18 22 18 
10 22 4 22 4 30 
3 37 2 37 2 28 8 28 
25 18 26 18 26 23 17 23 17 21 
13 32 12 32 12 25 6 25 6 24 
6 19 7 19 7 25 11 25 
5 25 9 25 9 35 
10 12 10 13 15 13 15 14 20 14 
0 16 4 16 4 14 5 14 
24 17 17 17 17 21 14 21 
21 18 32 18 
18 25 21 25 21 34 25 34 
8 15 3 15 3 18 
24 19 23 19 23 23 15 23 15 22 
6 15 10 15 10 17 
9 19 16 19 16 15 15 15 
5 24 5 25 11 25 11 17 
2 5 0 5 0 8 11 8 11 10 12 10 
13 6 3 6 3 5 2 5 
19 9 11 9 11 12 
25 20 26 20 26 23 17 23 17 13 16 13 
9 18 11 18 11 25 18 25 
14 14 14 8 11 8 
3 6 8 6 8 13 
16 13 16 19 8 19 8 18 
3 16 0 16 0 23 2 23 
1 14 0 14 0 22 3 22 3 24 
2 6 3 6 3 3 
12 6 11 6 11 4 
2 6 3 6 3 4 2 4 
1 5 0 5 0 2 3 2 
1 9 6 9 6 0 3 0 
1 17 2 17 2 11 3 11 
3 20 4 20 4 30 2 30 
3 8 0 8 0 10 1 10 
3 8 2 8 2 19 
30 12 29 12 29 14 21 14 21 17 
10 7 12 7 12 4 
13 2 17 2 17 4 18 4 
14 8 8 8 8 15 10 15 
7 11 8 11 8 7 9 7 
9 19 11 19 11 25 6 25 6 29 
4 3 0 3 0 10 2 10 
16 1 17 1 17 3 11 3 11 8 9 8 
7 9 12 9 12 19 13 19 
10 10 8 10 8 6 1 6 
15 0 17 0 17 3 23 3 23 4 
16 14 17 14 17 10 25 10 
21 6 17 6 17 2 13 2 
16 6 11 6 11 10 
20 11 17 11 17 20 14 20 
9 8 6 8 6 0 7 0 
25 4 25 3 17 3 17 0 
7 8 11 8 11 1 12 1 
9 11 12 11 12 21 
4 11 2 11 2 20 1 20 
7 7 8 7 8 16 
13 9 21 9 21 11 
5 7 0 7 0 0 1 0 
6 3 9 3 9 4 10 4 
16 10 26 10 26 13 
10 27 11 27 11 16 8 16 
6 13 5 13 5 10 
19 7 11 7 11 9 10 9 
11 9 14 9 14 14 15 14 
25 3 29 3 29 2 37 2 37 3 
9 11 8 11 8 8 18 8 18 10 20 10 
8 11 8 10 
10 2 15 2 15 12 16 12 
6 19 14 19 14 14 
1 3 11 3 11 5 
23 5 17 5 17 6 15 6 
15 4 15 3 6 3 6 1 
8 0 6 0 6 8 8 8 8 12 
32 5 29 5 29 9 21 9 21 10 22 10 
16 13 17 13 17 9 21 9 21 6 24 6 
4 4 6 4 6 7 5 7 
14 6 9 6 9 5 
1 20 12 20 12 13 10 13 
13 16 12 16 12 20 4 20 4 24 5 24 
15 8 11 8 11 1 
4 7 6 7 6 0 7 0 
11 11 11 2 15 2 
3 4 6 4 6 10 9 10 
5 5 6 5 6 7 5 7 
9 5 8 5 8 14 
5 9 2 9 2 7 
13 5 13 8 17 8 17 15 
8 19 7 19 7 15 4 15 4 14 
0 19 2 19 2 10 3 10 
9 0 6 0 6 4 4 4 
10 4 11 4 11 7 15 7 
13 20 7 20 7 15 4 15 4 14 
26 17 26 23 17 23 17 12 
7 16 2 16 2 6 4 6 
19 11 20 11 20 14 29 14 29 17 
5 3 6 3 6 8 2 8 2 13 1 13 
10 10 14 10 14 15 16 15 
12 4 11 4 11 3 3 3 3 2 2 2 
7 8 14 8 14 12 
4 7 6 7 6 1 5 1 
0 9 6 9 6 0 4 0 
3 5 3 0 4 0 
14 7 18 7 18 10 20 10 
2 3 3 3 3 5 4 5 
3 8 2 8 2 10 3 10 
27 15 17 15 17 20 
6 11 12 11 12 18 
8 7 11 7 11 1 13 1 
1 13 2 13 2 15 11 15 11 17 
22 21 21 21 21 23 17 23 17 13 14 13 
11 1 11 2 17 2 17 4 
3 4 3 3 9 3 9 1 
14 28 16 28 16 17 11 17 
8 24 7 24 7 20 0 20 0 17 1 17 
12 8 15 8 15 11 16 11 
9 12 8 12 8 6 15 6 
21 0 20 0 20 9 14 9 
8 18 7 18 7 20 4 20 4 28 2 28 
8 12 8 13 14 13 14 18 
1 0 6 0 6 10 5 10 
10 4 6 4 6 10 4 10 
13 16 4 16 4 11 6 11 
14 12 14 17 21 17 21 19 22 19 
4 10 6 10 6 6 9 6 
12 15 12 8 17 8 
3 7 2 7 2 18 6 18 
7 12 4 12 4 16 3 16 
3 8 8 8 8 9 11 9 
16 0 16 3 9 3 9 4 
13 15 8 15 8 8 6 8 
14 5 12 5 12 7 9 7 
6 10 4 10 4 15 13 15 
16 7 17 7 17 15 23 15 
9 15 2 15 2 8 1 8 
22 7 12 7 12 5 
4 4 3 4 3 1 1 1 
8 13 8 15 2 15 2 18 
20 5 17 5 17 1 12 1 
16 10 15 10 15 7 11 7 
5 10 5 11 2 11 
10 18 12 18 12 13 13 13 
20 21 17 21 17 17 12 17 12 15 
6 9 8 9 8 15 
7 29 7 19 
0 2 3 2 3 4 
7 3 11 3 11 10 12 10 
17 0 17 3 25 3 25 5 
11 14 8 14 8 11 5 11 
14 11 24 11 24 12 25 12 
2 2 6 2 6 7 10 7 
33 10 33 9 21 9 21 6 22 6 
8 4 9 4 9 2 12 2 
7 4 6 4 6 15 
5 10 6 10 6 1 1 1 
8 21 7 21 7 15 2 15 2 14 
1 18 0 18 0 21 4 21 4 26 
0 13 0 15 11 15 11 17 
16 3 6 3 6 4 
8 5 6 5 6 7 
13 1 17 1 17 5 18 5 
11 24 11 17 15 17 
6 4 6 2 3 2 
14 11 8 11 8 8 6 8 6 4 
8 5 6 5 6 2 5 2 
11 18 11 17 16 17 16 12 15 12 
1 9 2 9 2 15 6 15 6 17 
8 22 7 22 7 32 
3 10 2 10 2 6 3 6 
19 14 14 14 14 11 13 11 
20 9 17 9 17 19 14 19 
18 5 18 8 12 8 12 11 11 11 
4 7 6 7 6 5 
12 7 21 7 21 13 
19 8 11 8 11 4 10 4 
12 4 12 3 19 3 19 4 
15 22 12 22 12 13 10 13 10 12 
13 7 11 7 11 12 10 12 
15 25 11 25 11 18 
14 11 11 11 11 1 10 1 
5 24 4 24 4 13 5 13 
15 12 16 12 16 11 22 11 
18 27 16 27 16 18 13 18 
8 21 7 21 7 15 2 15 2 12 
0 12 2 12 2 9 3 9 
5 17 5 16 14 16 14 12 15 12 
3 7 6 7 6 6 13 6 13 5 
11 8 12 8 12 17 15 17 
14 0 17 0 17 3 21 3 
5 18 5 20 12 20 12 13 
2 12 2 16 6 16 
13 5 20 5 20 4 21 4 
10 4 9 4 9 8 2 8 2 11 
5 0 6 0 6 3 
10 16 12 16 12 17 17 17 17 10 16 10 
3 5 3 6 15 6 15 5 
4 13 4 15 7 15 7 22 6 22 
3 22 7 22 7 14 10 14 
4 0 0 0 0 11 
9 22 7 22 7 15 4 15 4 11 6 11 
14 0 13 0 13 3 8 3 
11 11 14 11 14 10 16 10 
11 17 12 17 12 13 7 13 
12 2 11 2 11 12 10 12 
10 14 17 14 17 22 
5 5 6 5 6 0 10 0 
11 6 17 6 17 5 
12 1 17 1 17 5 18 5 
2 10 6 10 6 4 5 4 
14 5 11 5 11 0 10 0 
14 14 17 14 17 23 21 23 
6 14 7 14 7 21 
14 10 14 9 6 9 6 7 3 7 
6 5 8 5 8 13 14 13 
6 5 6 1 7 1 
9 31 11 31 11 20 
15 5 18 5 18 9 24 9 
7 13 8 13 8 2 
18 4 18 3 11 3 11 5 
5 17 5 15 8 15 8 7 9 7 
5 4 0 4 0 5 1 5 
17 7 14 7 14 16 13 16 
10 1 9 1 9 7 7 7 
18 8 29 8 
8 7 9 7 9 1 
6 22 4 22 4 26 9 26 9 32 
13 29 12 29 12 25 11 25 11 18 9 18 
30 7 29 7 29 9 21 9 21 13 
18 1 17 1 17 6 10 6 
2 6 6 6 6 1 7 1 
10 10 9 10 9 8 21 8 21 12 
3 9 3 9 
11 3 15 3 15 14 
10 4 11 4 11 9 15 9 
4 12 2 12 2 6 0 6 
11 23 12 23 12 15 
12 8 20 8 20 14 
17 8 8 8 8 11 
